1.327,1.568,1.644,1.923,2.557,2.365,2.341,2.082,2.226,1.786,1.641,1.735
1.345,1.553,1.644,1.926,2.544,2.358,2.329,2.082,2.229,1.776,1.644,1.743
1.349,1.568,1.646,1.922,2.57,2.361,2.342,2.055,2.226,1.783,1.649,1.725
1.344,1.555,1.64,1.921,2.574,2.358,2.358,2.064,2.226,1.782,1.643,1.737
1.353,1.559,1.638,1.918,2.554,2.358,2.334,2.078,2.219,1.772,1.647,1.72
1.342,1.546,1.648,1.942,2.564,2.368,2.332,2.067,2.225,1.795,1.642,1.739
1.341,1.553,1.65,1.919,2.569,2.352,2.331,2.061,2.245,1.782,1.656,1.726
1.35,1.561,1.637,1.922,2.553,2.361,2.332,2.048,2.237,1.774,1.636,1.722
1.336,1.543,1.644,1.941,2.547,2.359,2.338,2.058,2.23,1.774,1.643,1.739
1.341,1.565,1.636,1.908,2.555,2.367,2.34,2.064,2.237,1.779,1.662,1.726
1.341,1.56,1.662,1.945,2.554,2.375,2.34,2.08,2.23,1.785,1.651,1.729
1.341,1.554,1.642,1.929,2.547,2.376,2.349,2.062,2.222,1.797,1.64,1.736
1.343,1.558,1.654,1.921,2.579,2.367,2.348,2.053,2.225,1.801,1.647,1.735
1.351,1.558,1.646,1.923,2.556,2.359,2.329,2.081,2.214,1.772,1.664,1.73
1.341,1.563,1.641,1.926,2.572,2.365,2.341,2.055,2.223,1.769,1.646,1.726
1.353,1.558,1.648,1.922,2.578,2.354,2.347,2.061,2.239,1.784,1.642,1.728
1.355,1.564,1.646,1.925,2.539,2.375,2.346,2.048,2.219,1.782,1.64,1.728
1.349,1.566,1.65,1.926,2.578,2.347,2.35,2.053,2.229,1.791,1.655,1.737
1.328,1.554,1.641,1.926,2.554,2.36,2.333,2.056,2.215,1.784,1.655,1.738
1.363,1.563,1.648,1.916,2.559,2.375,2.345,2.071,2.224,1.771,1.662,1.729
1.344,1.562,1.642,1.922,2.574,2.376,2.337,2.058,2.237,1.787,1.65,1.727
1.327,1.552,1.645,1.936,2.576,2.372,2.34,2.07,2.226,1.773,1.647,1.725
1.349,1.556,1.65,1.942,2.567,2.354,2.34,2.05,2.217,1.777,1.649,1.73
1.34,1.568,1.66,1.913,2.571,2.363,2.325,2.056,2.213,1.772,1.65,1.734
1.349,1.554,1.634,1.918,2.572,2.358,2.328,2.074,2.236,1.783,1.649,1.725
1.352,1.558,1.652,1.941,2.558,2.363,2.343,2.059,2.228,1.791,1.641,1.722
1.345,1.562,1.649,1.912,2.56,2.374,2.34,2.079,2.225,1.773,1.655,1.727
1.34,1.558,1.642,1.92,2.571,2.368,2.35,2.075,2.218,1.778,1.642,1.731
1.347,1.561,1.651,1.923,2.544,2.375,2.342,2.057,2.24,1.782,1.647,1.726
1.35,1.548,1.637,1.919,2.566,2.374,2.343,2.082,2.237,1.779,1.64,1.744
1.328,1.562,1.649,1.944,2.551,2.361,2.344,2.085,2.232,1.764,1.641,1.73
1.343,1.564,1.653,1.924,2.568,2.365,2.329,2.076,2.219,1.772,1.664,1.731
1.332,1.553,1.634,1.916,2.572,2.359,2.335,2.076,2.224,1.773,1.647,1.733
1.354,1.559,1.644,1.928,2.553,2.385,2.334,2.058,2.228,1.784,1.64,1.742
1.339,1.559,1.638,1.92,2.542,2.373,2.342,2.061,2.214,1.78,1.646,1.736
1.343,1.553,1.652,1.925,2.548,2.365,2.343,2.061,2.241,1.782,1.641,1.725
1.329,1.567,1.648,1.943,2.552,2.357,2.343,2.061,2.219,1.784,1.662,1.733
1.328,1.56,1.65,1.917,2.54,2.366,2.335,2.062,2.22,1.783,1.652,1.727
1.346,1.545,1.637,1.922,2.555,2.372,2.338,2.058,2.231,1.783,1.657,1.729
1.365,1.561,1.648,1.915,2.551,2.349,2.354,2.071,2.22,1.778,1.646,1.732
1.324,1.553,1.651,1.922,2.574,2.365,2.34,2.078,2.221,1.782,1.64,1.73
1.338,1.562,1.646,1.923,2.558,2.352,2.344,2.06,2.226,1.791,1.643,1.728
1.357,1.562,1.635,1.926,2.569,2.359,2.348,2.061,2.234,1.784,1.646,1.737
1.345,1.557,1.643,1.925,2.551,2.38,2.331,2.061,2.224,1.786,1.652,1.737
1.327,1.549,1.631,1.923,2.564,2.377,2.338,2.059,2.24,1.78,1.641,1.725
1.347,1.558,1.637,1.923,2.571,2.361,2.349,2.065,2.246,1.777,1.652,1.749
1.343,1.554,1.641,1.931,2.575,2.37,2.328,2.055,2.23,1.766,1.645,1.736
1.335,1.564,1.642,1.938,2.547,2.357,2.348,2.076,2.23,1.784,1.649,1.737
1.343,1.565,1.63,1.937,2.564,2.346,2.335,2.067,2.23,1.787,1.654,1.748
1.347,1.546,1.65,1.919,2.552,2.364,2.353,2.052,2.223,1.782,1.638,1.728
1.328,1.563,1.645,1.947,2.564,2.358,2.328,2.06,2.234,1.782,1.654,1.726
1.334,1.553,1.635,1.923,2.553,2.357,2.352,2.059,2.216,1.771,1.647,1.719
1.335,1.561,1.649,1.92,2.575,2.38,2.328,2.056,2.216,1.787,1.647,1.722
1.358,1.551,1.641,1.927,2.545,2.368,2.357,2.063,2.224,1.782,1.651,1.725
1.342,1.559,1.643,1.922,2.569,2.352,2.337,2.044,2.237,1.777,1.641,1.73
1.348,1.559,1.642,1.916,2.558,2.364,2.343,2.062,2.241,1.776,1.646,1.734
1.358,1.551,1.645,1.93,2.552,2.374,2.34,2.084,2.224,1.779,1.648,1.738
1.341,1.561,1.637,1.923,2.57,2.355,2.339,2.073,2.226,1.783,1.638,1.726
1.329,1.569,1.631,1.925,2.569,2.381,2.342,2.056,2.217,1.777,1.654,1.725
1.342,1.557,1.651,1.926,2.553,2.359,2.355,2.061,2.223,1.779,1.649,1.74
1.356,1.559,1.644,1.924,2.571,2.365,2.341,2.074,2.212,1.784,1.644,1.734
1.34,1.543,1.646,1.917,2.573,2.363,2.327,2.057,2.245,1.787,1.654,1.737
1.328,1.57,1.637,1.92,2.559,2.375,2.35,2.063,2.22,1.795,1.637,1.73
1.347,1.573,1.638,1.917,2.556,2.371,2.344,2.048,2.218,1.772,1.644,1.716
1.339,1.555,1.644,1.922,2.573,2.365,2.356,2.045,2.239,1.774,1.651,1.736
1.356,1.563,1.641,1.925,2.563,2.375,2.331,2.06,2.241,1.777,1.642,1.736
1.343,1.57,1.642,1.925,2.567,2.368,2.335,2.056,2.219,1.778,1.638,1.733
1.356,1.554,1.645,1.92,2.565,2.352,2.336,2.074,2.222,1.786,1.656,1.72
1.345,1.566,1.636,1.941,2.559,2.365,2.344,2.064,2.218,1.782,1.647,1.741
1.344,1.561,1.661,1.913,2.572,2.359,2.357,2.067,2.224,1.774,1.642,1.745
1.342,1.561,1.648,1.925,2.562,2.374,2.338,2.057,2.216,1.783,1.649,1.735
1.347,1.551,1.646,1.92,2.545,2.36,2.348,2.053,2.219,1.775,1.656,1.736
1.339,1.564,1.637,1.922,2.559,2.371,2.339,2.066,2.22,1.776,1.643,1.732
1.348,1.556,1.638,1.922,2.552,2.367,2.344,2.065,2.225,1.795,1.643,1.719
1.336,1.561,1.636,1.925,2.546,2.362,2.349,2.053,2.241,1.784,1.651,1.745
1.329,1.553,1.651,1.932,2.57,2.361,2.355,2.069,2.222,1.775,1.643,1.737
1.357,1.552,1.65,1.925,2.559,2.37,2.347,2.072,2.219,1.777,1.632,1.731
1.349,1.56,1.644,1.921,2.569,2.375,2.337,2.061,2.241,1.777,1.652,1.725
1.326,1.573,1.645,1.921,2.555,2.37,2.342,2.062,2.222,1.782,1.645,1.738
1.341,1.563,1.643,1.921,2.574,2.371,2.339,2.06,2.227,1.793,1.652,1.721
1.351,1.565,1.65,1.922,2.55,2.362,2.341,2.062,2.217,1.783,1.651,1.723
1.354,1.552,1.645,1.922,2.57,2.366,2.325,2.062,2.227,1.793,1.65,1.733
1.341,1.563,1.651,1.919,2.551,2.353,2.351,2.061,2.21,1.769,1.638,1.728
1.348,1.553,1.654,1.922,2.551,2.364,2.331,2.065,2.229,1.786,1.636,1.725
1.341,1.553,1.657,1.923,2.547,2.372,2.339,2.056,2.238,1.774,1.658,1.734
1.335,1.565,1.651,1.915,2.566,2.368,2.338,2.072,2.232,1.786,1.652,1.727
1.355,1.571,1.645,1.931,2.567,2.354,2.351,2.056,2.217,1.778,1.656,1.738
1.354,1.553,1.643,1.923,2.569,2.374,2.334,2.052,2.236,1.784,1.652,1.731
1.329,1.556,1.648,1.918,2.558,2.363,2.336,2.06,2.225,1.778,1.634,1.744
1.338,1.564,1.644,1.919,2.537,2.375,2.329,2.059,2.212,1.777,1.635,1.735
1.344,1.557,1.649,1.928,2.576,2.358,2.33,2.056,2.207,1.773,1.643,1.734
1.353,1.561,1.638,1.943,2.553,2.363,2.349,2.048,2.221,1.783,1.662,1.734
1.351,1.558,1.646,1.925,2.551,2.376,2.339,2.059,2.222,1.784,1.65,1.738
1.346,1.566,1.638,1.926,2.565,2.358,2.325,2.064,2.232,1.784,1.629,1.728
1.348,1.558,1.641,1.925,2.546,2.369,2.354,2.048,2.223,1.783,1.652,1.73
1.329,1.553,1.642,1.923,2.542,2.364,2.349,2.06,2.219,1.795,1.646,1.718
1.351,1.562,1.641,1.944,2.545,2.365,2.337,2.063,2.245,1.778,1.641,1.727
1.365,1.554,1.644,1.921,2.557,2.377,2.345,2.063,2.225,1.779,1.629,1.736
1.358,1.561,1.635,1.919,2.557,2.363,2.341,2.078,2.24,1.785,1.655,1.741
1.321,1.563,1.643,1.919,2.559,2.369,2.351,2.052,2.237,1.78,1.634,1.734
1.336,1.563,1.644,1.925,2.574,2.368,2.339,2.06,2.224,1.775,1.641,1.724
1.369,1.559,1.649,1.934,2.569,2.364,2.34,2.062,2.239,1.789,1.653,1.734
1.349,1.555,1.645,1.923,2.549,2.38,2.354,2.063,2.222,1.783,1.637,1.725
1.347,1.562,1.636,1.929,2.555,2.377,2.349,2.059,2.239,1.785,1.646,1.729
1.349,1.54,1.642,1.925,2.571,2.387,2.343,2.066,2.215,1.775,1.655,1.733
1.346,1.562,1.628,1.933,2.553,2.355,2.347,2.072,2.216,1.783,1.651,1.737
1.353,1.563,1.657,1.924,2.571,2.366,2.331,2.07,2.232,1.773,1.664,1.73
1.351,1.555,1.654,1.92,2.556,2.374,2.339,2.057,2.222,1.785,1.66,1.734
1.347,1.567,1.645,1.923,2.552,2.37,2.349,2.06,2.219,1.777,1.662,1.734
1.338,1.554,1.653,1.916,2.544,2.357,2.351,2.058,2.215,1.772,1.65,1.719
1.341,1.56,1.635,1.924,2.556,2.37,2.335,2.062,2.214,1.777,1.667,1.735
1.353,1.558,1.646,1.936,2.554,2.358,2.343,2.057,2.24,1.78,1.651,1.737
1.35,1.554,1.645,1.918,2.568,2.362,2.351,2.061,2.238,1.773,1.649,1.732
1.333,1.545,1.655,1.917,2.546,2.356,2.348,2.06,2.217,1.771,1.662,1.726
1.35,1.561,1.65,1.93,2.538,2.36,2.346,2.062,2.232,1.785,1.65,1.741
1.329,1.558,1.652,1.924,2.548,2.373,2.333,2.049,2.237,1.784,1.64,1.724
1.349,1.564,1.636,1.927,2.576,2.371,2.341,2.064,2.222,1.774,1.65,1.723
1.343,1.562,1.645,1.921,2.555,2.384,2.352,2.055,2.223,1.782,1.637,1.733
1.328,1.557,1.634,1.926,2.571,2.365,2.354,2.056,2.24,1.779,1.637,1.734
1.355,1.559,1.643,1.91,2.554,2.36,2.34,2.073,2.241,1.8,1.644,1.728
1.343,1.554,1.649,1.928,2.548,2.357,2.339,2.071,2.235,1.779,1.647,1.724
1.343,1.566,1.649,1.921,2.539,2.359,2.334,2.062,2.239,1.785,1.651,1.745
1.359,1.565,1.648,1.92,2.55,2.353,2.34,2.066,2.219,1.777,1.638,1.734
1.34,1.557,1.635,1.922,2.558,2.373,2.349,2.06,2.217,1.79,1.642,1.733
1.325,1.561,1.66,1.927,2.577,2.361,2.341,2.055,2.241,1.787,1.652,1.738
1.343,1.559,1.649,1.923,2.553,2.364,2.339,2.08,2.217,1.788,1.656,1.732
1.356,1.556,1.65,1.924,2.568,2.356,2.342,2.065,2.233,1.78,1.641,1.73
1.327,1.559,1.652,1.928,2.568,2.362,2.335,2.05,2.218,1.778,1.649,1.736
1.352,1.547,1.641,1.913,2.557,2.377,2.34,2.065,2.228,1.777,1.636,1.736
1.342,1.561,1.637,1.918,2.556,2.365,2.355,2.054,2.224,1.774,1.667,1.727
1.343,1.554,1.643,1.922,2.54,2.353,2.348,2.059,2.233,1.787,1.641,1.73
1.332,1.567,1.649,1.927,2.546,2.36,2.34,2.057,2.219,1.78,1.644,1.742
1.347,1.559,1.649,1.918,2.555,2.373,2.355,2.064,2.228,1.786,1.638,1.735
1.357,1.563,1.637,1.916,2.553,2.378,2.344,2.057,2.221,1.785,1.66,1.736
1.345,1.563,1.635,1.926,2.553,2.37,2.345,2.061,2.221,1.779,1.636,1.736
1.346,1.556,1.64,1.929,2.564,2.378,2.343,2.057,2.219,1.786,1.636,1.734
1.361,1.556,1.65,1.92,2.54,2.371,2.341,2.06,2.222,1.777,1.652,1.723
1.354,1.565,1.649,1.917,2.553,2.375,2.351,2.064,2.225,1.778,1.648,1.727
1.326,1.558,1.643,1.922,2.544,2.349,2.34,2.081,2.222,1.782,1.651,1.727
1.339,1.553,1.646,1.923,2.574,2.36,2.352,2.069,2.242,1.774,1.637,1.732
1.344,1.554,1.638,1.922,2.568,2.36,2.35,2.057,2.215,1.778,1.649,1.732
1.342,1.563,1.633,1.918,2.568,2.36,2.33,2.075,2.211,1.767,1.669,1.717
1.329,1.556,1.642,1.924,2.573,2.369,2.335,2.078,2.225,1.789,1.642,1.734
1.35,1.552,1.643,1.924,2.564,2.37,2.345,2.063,2.217,1.78,1.636,1.734
1.331,1.558,1.64,1.924,2.576,2.353,2.34,2.056,2.222,1.776,1.658,1.726
1.324,1.559,1.638,1.926,2.567,2.379,2.348,2.046,2.216,1.768,1.65,1.72
1.338,1.544,1.663,1.941,2.55,2.366,2.343,2.061,2.235,1.772,1.638,1.729
1.349,1.562,1.647,1.938,2.57,2.359,2.344,2.066,2.221,1.775,1.642,1.739
1.341,1.563,1.646,1.922,2.546,2.356,2.327,2.075,2.217,1.771,1.645,1.733
1.348,1.556,1.649,1.919,2.564,2.362,2.333,2.067,2.237,1.771,1.644,1.729
1.335,1.564,1.64,1.929,2.571,2.367,2.339,2.065,2.216,1.779,1.635,1.729
1.334,1.559,1.642,1.92,2.551,2.37,2.337,2.059,2.228,1.783,1.643,1.741
1.334,1.552,1.638,1.935,2.567,2.358,2.351,2.062,2.229,1.777,1.645,1.738
1.347,1.569,1.641,1.918,2.566,2.362,2.339,2.075,2.239,1.776,1.662,1.734
1.339,1.553,1.644,1.923,2.551,2.355,2.349,2.052,2.221,1.787,1.653,1.729
1.348,1.553,1.662,1.921,2.556,2.36,2.322,2.076,2.215,1.783,1.628,1.742
1.345,1.558,1.642,1.925,2.563,2.352,2.336,2.058,2.22,1.789,1.646,1.736
1.338,1.547,1.651,1.943,2.57,2.377,2.335,2.049,2.225,1.77,1.643,1.723
1.35,1.574,1.638,1.929,2.539,2.384,2.327,2.063,2.235,1.788,1.64,1.723
1.338,1.554,1.663,1.925,2.558,2.381,2.353,2.067,2.212,1.782,1.649,1.739
1.35,1.559,1.638,1.923,2.569,2.374,2.326,2.06,2.235,1.768,1.645,1.741
1.347,1.56,1.646,1.92,2.552,2.363,2.333,2.058,2.219,1.786,1.638,1.726
1.358,1.563,1.648,1.924,2.562,2.363,2.349,2.055,2.229,1.78,1.637,1.727
1.35,1.56,1.644,1.923,2.572,2.375,2.341,2.049,2.238,1.774,1.657,1.722
1.324,1.562,1.644,1.917,2.572,2.376,2.335,2.063,2.23,1.783,1.636,1.741
1.339,1.559,1.637,1.92,2.568,2.352,2.346,2.08,2.229,1.797,1.649,1.737
1.352,1.557,1.645,1.921,2.549,2.362,2.329,2.047,2.215,1.782,1.652,1.721
1.342,1.559,1.642,1.926,2.555,2.371,2.339,2.065,2.237,1.778,1.645,1.728
1.34,1.574,1.637,1.923,2.571,2.358,2.334,2.052,2.216,1.786,1.661,1.728
1.35,1.552,1.646,1.919,2.571,2.371,2.343,2.058,2.223,1.783,1.643,1.73
1.343,1.552,1.649,1.917,2.559,2.354,2.334,2.065,2.22,1.785,1.647,1.736
1.33,1.56,1.645,1.924,2.547,2.359,2.346,2.055,2.214,1.782,1.641,1.728
1.354,1.563,1.646,1.923,2.562,2.362,2.336,2.063,2.22,1.777,1.638,1.736
1.35,1.559,1.64,1.917,2.543,2.382,2.336,2.076,2.238,1.779,1.643,1.727
1.348,1.563,1.661,1.913,2.575,2.36,2.349,2.058,2.239,1.78,1.65,1.734
1.34,1.552,1.65,1.93,2.548,2.37,2.337,2.054,2.209,1.776,1.643,1.736
1.349,1.558,1.644,1.92,2.554,2.365,2.347,2.058,2.226,1.782,1.649,1.733
1.342,1.562,1.636,1.931,2.552,2.367,2.332,2.054,2.243,1.779,1.658,1.736
1.348,1.566,1.636,1.926,2.566,2.368,2.327,2.081,2.226,1.78,1.647,1.733
1.357,1.572,1.629,1.924,2.553,2.359,2.351,2.063,2.226,1.78,1.634,1.734
1.35,1.554,1.648,1.928,2.554,2.363,2.34,2.073,2.23,1.783,1.661,1.724
1.347,1.55,1.653,1.919,2.556,2.376,2.344,2.055,2.216,1.785,1.645,1.734
1.347,1.558,1.64,1.938,2.545,2.363,2.35,2.075,2.22,1.763,1.648,1.72
1.346,1.567,1.638,1.919,2.55,2.372,2.338,2.077,2.222,1.776,1.65,1.733
1.335,1.56,1.644,1.924,2.538,2.365,2.355,2.049,2.216,1.78,1.643,1.742
1.342,1.558,1.633,1.919,2.567,2.362,2.334,2.063,2.224,1.775,1.643,1.732
1.346,1.56,1.637,1.917,2.56,2.372,2.355,2.064,2.24,1.785,1.65,1.733
1.339,1.563,1.643,1.928,2.549,2.374,2.351,2.057,2.236,1.779,1.642,1.726
1.363,1.551,1.645,1.927,2.574,2.36,2.328,2.047,2.222,1.776,1.648,1.719
1.344,1.56,1.646,1.923,2.547,2.371,2.34,2.048,2.217,1.784,1.637,1.734
1.344,1.561,1.637,1.925,2.561,2.367,2.349,2.073,2.219,1.772,1.658,1.724
1.353,1.562,1.641,1.918,2.559,2.359,2.349,2.058,2.223,1.779,1.645,1.727
1.346,1.55,1.641,1.93,2.567,2.36,2.333,2.061,2.208,1.785,1.653,1.737
1.329,1.559,1.645,1.926,2.57,2.364,2.34,2.061,2.213,1.783,1.632,1.737
1.338,1.559,1.657,1.94,2.568,2.352,2.356,2.054,2.24,1.774,1.64,1.738
1.356,1.564,1.64,1.922,2.556,2.364,2.335,2.062,2.223,1.788,1.652,1.739
1.337,1.559,1.648,1.93,2.539,2.371,2.339,2.058,2.216,1.784,1.646,1.729
1.345,1.55,1.644,1.925,2.554,2.376,2.332,2.074,2.227,1.776,1.636,1.744
1.345,1.55,1.644,1.925,2.554,2.376,2.332,2.074,2.227,1.776,1.636,1.744
1.343,1.554,1.65,1.911,2.554,2.361,2.343,2.057,2.213,1.782,1.658,1.729
1.343,1.554,1.65,1.911,2.554,2.361,2.343,2.057,2.213,1.782,1.658,1.729
1.339,1.557,1.637,1.933,2.543,2.352,2.341,2.072,2.213,1.787,1.638,1.727
1.339,1.559,1.635,1.941,2.542,2.37,2.337,2.055,2.217,1.785,1.649,1.727
1.323,1.553,1.647,1.918,2.551,2.359,2.348,2.077,2.222,1.795,1.649,1.741
1.346,1.558,1.658,1.925,2.553,2.357,2.338,2.08,2.222,1.767,1.653,1.726
1.347,1.554,1.644,1.92,2.572,2.355,2.341,2.059,2.233,1.771,1.656,1.722
1.348,1.541,1.634,1.916,2.572,2.357,2.338,2.056,2.235,1.776,1.643,1.726
1.34,1.546,1.657,1.912,2.573,2.369,2.341,2.063,2.221,1.782,1.636,1.733
1.349,1.542,1.657,1.923,2.572,2.356,2.335,2.054,2.226,1.788,1.652,1.742
1.334,1.561,1.638,1.911,2.55,2.361,2.338,2.058,2.236,1.767,1.634,1.723
1.332,1.562,1.64,1.931,2.551,2.37,2.335,2.064,2.221,1.772,1.651,1.728
1.326,1.551,1.64,1.92,2.541,2.361,2.334,2.065,2.235,1.771,1.658,1.725
1.338,1.545,1.629,1.915,2.547,2.353,2.35,2.061,2.215,1.776,1.636,1.724
1.357,1.563,1.644,1.933,2.554,2.36,2.322,2.054,2.209,1.767,1.649,1.724
1.347,1.561,1.644,1.919,2.554,2.362,2.342,2.052,2.237,1.794,1.641,1.727
1.349,1.552,1.649,1.924,2.551,2.365,2.333,2.048,2.237,1.785,1.644,1.729
1.338,1.553,1.642,1.912,2.554,2.356,2.342,2.063,2.232,1.781,1.64,1.725
1.329,1.558,1.644,1.922,2.555,2.362,2.338,2.075,2.209,1.766,1.644,1.725
1.347,1.548,1.636,1.918,2.575,2.351,2.345,2.056,2.216,1.78,1.64,1.722
1.333,1.546,1.648,1.916,2.546,2.348,2.345,2.046,2.216,1.787,1.647,1.734
1.346,1.555,1.65,1.923,2.56,2.36,2.335,2.071,2.215,1.776,1.646,1.727
1.359,1.565,1.634,1.921,2.558,2.362,2.336,2.075,2.221,1.782,1.661,1.726
1.35,1.554,1.646,1.923,2.539,2.368,2.354,2.077,2.214,1.778,1.658,1.726
1.337,1.557,1.641,1.927,2.553,2.353,2.337,2.063,2.227,1.781,1.637,1.735
1.35,1.558,1.644,1.921,2.544,2.367,2.324,2.055,2.219,1.778,1.653,1.727
1.349,1.545,1.634,1.913,2.567,2.367,2.338,2.072,2.225,1.783,1.641,1.738
1.335,1.555,1.649,1.922,2.549,2.376,2.333,2.06,2.207,1.779,1.648,1.729
1.333,1.55,1.634,1.921,2.547,2.372,2.341,2.076,2.213,1.769,1.649,1.746
1.339,1.565,1.631,1.925,2.547,2.365,2.344,2.074,2.227,1.775,1.647,1.719
1.354,1.553,1.634,1.918,2.539,2.361,2.343,2.064,2.224,1.794,1.637,1.734
1.349,1.548,1.638,1.917,2.565,2.357,2.325,2.043,2.216,1.779,1.661,1.734
1.344,1.557,1.644,1.925,2.57,2.368,2.344,2.065,2.235,1.785,1.658,1.719
1.337,1.554,1.648,1.91,2.575,2.345,2.35,2.079,2.215,1.775,1.639,1.728
1.362,1.562,1.641,1.915,2.573,2.351,2.348,2.059,2.219,1.783,1.653,1.741
1.35,1.558,1.652,1.924,2.576,2.351,2.355,2.082,2.235,1.776,1.637,1.739
1.356,1.572,1.643,1.933,2.547,2.347,2.348,2.06,2.222,1.779,1.64,1.728
1.347,1.568,1.644,1.918,2.57,2.347,2.344,2.06,2.217,1.783,1.642,1.743
1.341,1.558,1.644,1.941,2.567,2.361,2.34,2.064,2.213,1.768,1.653,1.739
1.339,1.561,1.638,1.914,2.552,2.348,2.348,2.057,2.217,1.782,1.649,1.734
1.342,1.547,1.648,1.918,2.567,2.357,2.346,2.06,2.22,1.782,1.642,1.72
1.348,1.551,1.643,1.917,2.556,2.364,2.332,2.058,2.209,1.777,1.646,1.721
1.339,1.561,1.644,1.924,2.567,2.379,2.328,2.061,2.224,1.779,1.645,1.725
1.34,1.557,1.635,1.92,2.536,2.356,2.339,2.049,2.238,1.781,1.642,1.733
1.338,1.559,1.643,1.919,2.565,2.348,2.334,2.076,2.212,1.788,1.653,1.736
1.339,1.56,1.637,1.918,2.576,2.36,2.333,2.047,2.218,1.774,1.644,1.717
1.341,1.552,1.637,1.919,2.559,2.356,2.338,2.043,2.221,1.789,1.646,1.731
1.338,1.541,1.646,1.917,2.572,2.358,2.338,2.058,2.232,1.775,1.642,1.725
1.334,1.552,1.633,1.922,2.538,2.378,2.335,2.059,2.24,1.784,1.643,1.722
1.338,1.549,1.644,1.917,2.554,2.359,2.348,2.057,2.237,1.783,1.634,1.723
1.343,1.559,1.64,1.923,2.565,2.377,2.346,2.066,2.211,1.778,1.652,1.732
1.339,1.548,1.64,1.921,2.568,2.355,2.336,2.061,2.215,1.783,1.657,1.742
1.326,1.561,1.645,1.924,2.569,2.372,2.357,2.063,2.22,1.778,1.649,1.737
1.343,1.548,1.645,1.922,2.568,2.363,2.329,2.065,2.241,1.773,1.636,1.732
1.342,1.559,1.629,1.92,2.552,2.377,2.34,2.055,2.226,1.78,1.642,1.718
1.341,1.561,1.644,1.921,2.554,2.346,2.352,2.049,2.237,1.787,1.635,1.735
1.328,1.558,1.648,1.922,2.557,2.362,2.339,2.078,2.22,1.784,1.656,1.736
1.349,1.573,1.64,1.919,2.553,2.355,2.325,2.074,2.219,1.773,1.649,1.734
1.345,1.561,1.638,1.917,2.566,2.361,2.336,2.063,2.212,1.773,1.661,1.737
1.346,1.565,1.649,1.921,2.55,2.379,2.331,2.06,2.238,1.774,1.641,1.727
1.342,1.548,1.641,1.924,2.553,2.366,2.341,2.06,2.224,1.778,1.656,1.721
1.347,1.558,1.645,1.928,2.559,2.362,2.33,2.057,2.215,1.77,1.64,1.731
1.35,1.561,1.635,1.934,2.567,2.361,2.346,2.065,2.221,1.78,1.649,1.723
1.348,1.559,1.637,1.919,2.537,2.363,2.325,2.059,2.228,1.782,1.655,1.733
1.338,1.55,1.633,1.917,2.563,2.362,2.333,2.058,2.224,1.775,1.651,1.728
1.36,1.558,1.636,1.923,2.553,2.357,2.334,2.071,2.225,1.794,1.632,1.734
1.341,1.548,1.647,1.923,2.55,2.375,2.335,2.051,2.228,1.776,1.638,1.727
1.344,1.559,1.636,1.922,2.558,2.371,2.342,2.06,2.229,1.778,1.643,1.725
1.344,1.548,1.646,1.92,2.542,2.36,2.338,2.046,2.207,1.779,1.644,1.743
1.343,1.55,1.652,1.932,2.57,2.354,2.353,2.059,2.229,1.795,1.633,1.736
1.347,1.563,1.636,1.924,2.565,2.36,2.327,2.061,2.239,1.782,1.637,1.724
1.336,1.57,1.636,1.918,2.555,2.363,2.339,2.051,2.219,1.77,1.64,1.722
1.35,1.553,1.638,1.92,2.566,2.348,2.336,2.076,2.214,1.78,1.641,1.73
1.345,1.55,1.648,1.924,2.572,2.353,2.345,2.052,2.216,1.771,1.657,1.731
1.347,1.565,1.649,1.913,2.571,2.365,2.336,2.074,2.219,1.784,1.64,1.733
1.348,1.546,1.652,1.915,2.571,2.374,2.338,2.059,2.224,1.781,1.638,1.722
1.33,1.564,1.646,1.925,2.571,2.374,2.342,2.075,2.22,1.783,1.634,1.727
1.329,1.559,1.641,1.915,2.574,2.373,2.342,2.06,2.225,1.781,1.634,1.72
1.346,1.553,1.633,1.915,2.561,2.376,2.326,2.078,2.211,1.785,1.644,1.729
1.346,1.553,1.633,1.915,2.561,2.376,2.326,2.078,2.211,1.785,1.644,1.729
1.337,1.559,1.64,1.921,2.571,2.348,2.326,2.046,2.22,1.768,1.649,1.719
1.351,1.555,1.637,1.912,2.565,2.372,2.343,2.074,2.242,1.785,1.635,1.718
1.337,1.555,1.638,1.915,2.552,2.359,2.349,2.055,2.226,1.778,1.652,1.72
1.333,1.578,1.637,1.929,2.542,2.373,2.351,2.059,2.216,1.778,1.657,1.746
1.338,1.568,1.644,1.918,2.57,2.376,2.323,2.064,2.241,1.783,1.647,1.734
1.333,1.571,1.642,1.922,2.557,2.364,2.335,2.062,2.224,1.772,1.639,1.74
1.339,1.56,1.648,1.915,2.552,2.357,2.332,2.078,2.22,1.773,1.64,1.726
1.352,1.555,1.645,1.926,2.573,2.37,2.331,2.053,2.236,1.782,1.644,1.726
1.329,1.562,1.633,1.918,2.572,2.351,2.34,2.059,2.221,1.792,1.644,1.736
1.351,1.563,1.635,1.924,2.559,2.374,2.344,2.054,2.223,1.781,1.647,1.728
1.347,1.561,1.64,1.939,2.555,2.355,2.336,2.06,2.218,1.776,1.647,1.726
1.326,1.56,1.641,1.914,2.564,2.379,2.344,2.052,2.219,1.794,1.637,1.737
1.343,1.561,1.64,1.919,2.572,2.349,2.328,2.052,2.225,1.775,1.649,1.731
1.341,1.553,1.639,1.915,2.574,2.353,2.33,2.079,2.22,1.788,1.643,1.735
1.332,1.559,1.643,1.932,2.55,2.371,2.334,2.062,2.223,1.781,1.649,1.735
1.34,1.553,1.644,1.938,2.539,2.358,2.338,2.068,2.223,1.777,1.632,1.735
1.326,1.549,1.645,1.922,2.558,2.362,2.349,2.063,2.224,1.774,1.631,1.729
1.342,1.551,1.643,1.917,2.561,2.358,2.325,2.079,2.24,1.772,1.648,1.721
1.344,1.546,1.64,1.916,2.572,2.373,2.35,2.057,2.217,1.78,1.646,1.737
1.342,1.558,1.636,1.911,2.555,2.363,2.345,2.05,2.235,1.78,1.652,1.731
1.332,1.558,1.643,1.917,2.558,2.37,2.333,2.06,2.207,1.793,1.641,1.723
1.347,1.554,1.654,1.915,2.546,2.378,2.328,2.06,2.237,1.795,1.643,1.725
1.353,1.55,1.635,1.92,2.553,2.345,2.332,2.048,2.217,1.783,1.642,1.727
1.342,1.548,1.64,1.914,2.538,2.347,2.328,2.072,2.213,1.786,1.653,1.727
1.353,1.558,1.631,1.934,2.547,2.364,2.351,2.056,2.234,1.777,1.637,1.715
1.339,1.543,1.645,1.921,2.548,2.372,2.35,2.055,2.235,1.77,1.645,1.732
1.335,1.555,1.64,1.913,2.548,2.353,2.341,2.066,2.216,1.772,1.636,1.722
1.344,1.558,1.642,1.93,2.562,2.357,2.333,2.058,2.226,1.778,1.634,1.726
1.342,1.552,1.637,1.921,2.554,2.372,2.349,2.053,2.236,1.78,1.642,1.729
1.327,1.557,1.642,1.916,2.55,2.355,2.339,2.069,2.217,1.782,1.649,1.727
1.353,1.557,1.636,1.921,2.547,2.373,2.35,2.059,2.213,1.776,1.658,1.73
1.343,1.555,1.637,1.925,2.55,2.36,2.332,2.058,2.216,1.77,1.643,1.744
1.343,1.564,1.642,1.914,2.546,2.348,2.323,2.047,2.22,1.769,1.657,1.729
1.344,1.558,1.642,1.918,2.547,2.37,2.332,2.067,2.218,1.774,1.634,1.734
1.336,1.551,1.642,1.943,2.547,2.354,2.342,2.066,2.204,1.779,1.644,1.727
1.348,1.55,1.634,1.928,2.568,2.35,2.344,2.059,2.222,1.784,1.651,1.726
1.354,1.559,1.642,1.915,2.553,2.369,2.347,2.076,2.235,1.778,1.659,1.711
1.333,1.548,1.652,1.921,2.57,2.365,2.348,2.076,2.224,1.783,1.636,1.732
1.339,1.559,1.632,1.915,2.549,2.363,2.335,2.056,2.22,1.783,1.65,1.723
1.34,1.555,1.643,1.933,2.567,2.345,2.347,2.059,2.218,1.774,1.663,1.72
1.323,1.558,1.632,1.914,2.561,2.362,2.322,2.054,2.218,1.764,1.634,1.736
1.356,1.561,1.633,1.925,2.542,2.348,2.349,2.053,2.223,1.778,1.641,1.728
1.336,1.555,1.635,1.922,2.567,2.371,2.333,2.049,2.216,1.793,1.658,1.728
1.322,1.547,1.643,1.913,2.556,2.354,2.334,2.077,2.24,1.783,1.641,1.724
1.349,1.552,1.64,1.916,2.565,2.372,2.336,2.061,2.217,1.774,1.645,1.727
1.336,1.542,1.658,1.918,2.562,2.356,2.344,2.053,2.231,1.779,1.637,1.74
1.336,1.542,1.658,1.918,2.562,2.356,2.344,2.053,2.231,1.779,1.637,1.74
1.358,1.558,1.648,1.917,2.565,2.362,2.323,2.062,2.217,1.777,1.641,1.725
1.343,1.554,1.638,1.912,2.562,2.358,2.34,2.06,2.207,1.786,1.641,1.73
1.343,1.554,1.638,1.912,2.562,2.358,2.34,2.06,2.207,1.786,1.641,1.73
1.342,1.558,1.632,1.916,2.547,2.369,2.324,2.049,2.235,1.768,1.642,1.727
1.342,1.558,1.632,1.916,2.547,2.369,2.324,2.049,2.235,1.768,1.642,1.727
1.333,1.551,1.642,1.922,2.545,2.348,2.345,2.057,2.208,1.779,1.636,1.733
1.329,1.567,1.629,1.917,2.565,2.367,2.331,2.062,2.221,1.769,1.661,1.729
1.348,1.552,1.643,1.916,2.546,2.372,2.333,2.048,2.236,1.767,1.644,1.717
1.348,1.552,1.643,1.916,2.546,2.372,2.333,2.048,2.236,1.767,1.644,1.717
1.352,1.542,1.636,1.919,2.549,2.363,2.348,2.061,2.221,1.768,1.661,1.729
1.335,1.555,1.642,1.917,2.561,2.361,2.334,2.056,2.235,1.783,1.642,1.726
1.337,1.556,1.64,1.913,2.561,2.358,2.328,2.055,2.213,1.773,1.642,1.736
1.342,1.559,1.64,1.913,2.56,2.354,2.337,2.053,2.234,1.782,1.635,1.738
1.342,1.559,1.64,1.913,2.56,2.354,2.337,2.053,2.234,1.782,1.635,1.738
1.348,1.559,1.636,1.941,2.546,2.355,2.34,2.075,2.235,1.775,1.652,1.737
1.348,1.559,1.636,1.941,2.546,2.355,2.34,2.075,2.235,1.775,1.652,1.737
1.343,1.537,1.654,1.922,2.568,2.371,2.344,2.076,2.223,1.771,1.657,1.728
1.34,1.555,1.643,1.914,2.561,2.362,2.337,2.054,2.235,1.776,1.645,1.717
1.34,1.551,1.635,1.925,2.552,2.345,2.342,2.062,2.217,1.778,1.662,1.726
1.341,1.546,1.645,1.916,2.567,2.361,2.344,2.054,2.218,1.767,1.649,1.732
1.338,1.562,1.633,1.921,2.547,2.361,2.33,2.055,2.22,1.774,1.646,1.743
1.341,1.549,1.63,1.916,2.536,2.357,2.333,2.04,2.22,1.776,1.645,1.735
1.347,1.539,1.636,1.915,2.544,2.353,2.344,2.047,2.211,1.769,1.647,1.722
1.341,1.549,1.638,1.911,2.543,2.358,2.352,2.055,2.216,1.775,1.654,1.722
1.349,1.556,1.64,1.917,2.57,2.356,2.338,2.053,2.213,1.773,1.64,1.722
1.355,1.555,1.637,1.937,2.569,2.347,2.333,2.072,2.237,1.768,1.638,1.74
1.34,1.555,1.643,1.92,2.552,2.366,2.334,2.063,2.217,1.771,1.64,1.728
1.35,1.558,1.638,1.912,2.535,2.374,2.322,2.056,2.217,1.783,1.636,1.732
1.332,1.551,1.646,1.922,2.563,2.37,2.355,2.062,2.219,1.771,1.644,1.722
1.335,1.55,1.645,1.93,2.549,2.353,2.332,2.071,2.226,1.775,1.66,1.73
1.337,1.544,1.641,1.917,2.569,2.358,2.334,2.054,2.242,1.776,1.636,1.724
1.35,1.553,1.637,1.918,2.548,2.353,2.335,2.065,2.219,1.78,1.658,1.717
1.338,1.556,1.644,1.918,2.558,2.35,2.329,2.054,2.223,1.763,1.632,1.724
1.343,1.557,1.637,1.921,2.548,2.377,2.33,2.053,2.213,1.779,1.636,1.737
1.348,1.557,1.644,1.907,2.562,2.37,2.34,2.059,2.23,1.778,1.643,1.726
1.351,1.548,1.637,1.919,2.566,2.356,2.348,2.049,2.235,1.772,1.645,1.732
1.339,1.546,1.652,1.922,2.547,2.354,2.334,2.055,2.215,1.774,1.632,1.718
1.34,1.55,1.643,1.915,2.547,2.372,2.334,2.067,2.222,1.762,1.636,1.727
1.335,1.549,1.628,1.93,2.555,2.363,2.326,2.055,2.218,1.783,1.647,1.731
1.341,1.541,1.645,1.915,2.549,2.354,2.324,2.05,2.224,1.777,1.645,1.737
1.347,1.546,1.648,1.92,2.569,2.367,2.328,2.053,2.215,1.778,1.646,1.718
1.347,1.55,1.637,1.912,2.555,2.37,2.334,2.045,2.217,1.769,1.633,1.735
1.337,1.557,1.637,1.922,2.549,2.357,2.341,2.059,2.239,1.776,1.657,1.732
1.347,1.548,1.645,1.922,2.551,2.363,2.346,2.058,2.221,1.776,1.651,1.727
1.338,1.555,1.642,1.916,2.567,2.358,2.35,2.053,2.234,1.773,1.636,1.721
1.342,1.555,1.635,1.916,2.554,2.353,2.324,2.061,2.214,1.776,1.646,1.737
1.354,1.55,1.632,1.922,2.55,2.359,2.349,2.073,2.222,1.774,1.646,1.742
1.32,1.558,1.64,1.912,2.547,2.352,2.333,2.047,2.231,1.773,1.649,1.723
1.334,1.559,1.629,1.916,2.563,2.363,2.348,2.045,2.219,1.779,1.645,1.727
1.33,1.556,1.636,1.919,2.556,2.356,2.347,2.056,2.212,1.773,1.644,1.723
1.341,1.55,1.633,1.907,2.563,2.36,2.347,2.061,2.224,1.776,1.653,1.725
1.335,1.552,1.623,1.92,2.553,2.365,2.333,2.053,2.224,1.795,1.638,1.736
1.339,1.55,1.629,1.924,2.55,2.369,2.323,2.055,2.237,1.778,1.629,1.73
1.334,1.556,1.65,1.94,2.568,2.362,2.33,2.056,2.226,1.764,1.642,1.726
1.339,1.56,1.643,1.919,2.569,2.349,2.324,2.065,2.234,1.779,1.643,1.725
1.329,1.55,1.637,1.916,2.533,2.356,2.346,2.076,2.217,1.788,1.637,1.726
1.325,1.55,1.633,1.917,2.551,2.359,2.346,2.048,2.212,1.774,1.657,1.725
1.335,1.539,1.645,1.92,2.552,2.345,2.337,2.059,2.203,1.768,1.635,1.726
1.332,1.555,1.653,1.918,2.553,2.359,2.329,2.043,2.239,1.784,1.66,1.735
1.331,1.549,1.634,1.92,2.551,2.37,2.346,2.054,2.234,1.783,1.647,1.729
1.346,1.546,1.645,1.917,2.544,2.373,2.343,2.05,2.22,1.772,1.647,1.73
1.357,1.554,1.635,1.918,2.557,2.357,2.319,2.046,2.237,1.776,1.644,1.732
1.35,1.558,1.65,1.913,2.547,2.356,2.34,2.062,2.218,1.775,1.641,1.719
1.323,1.572,1.632,1.919,2.542,2.353,2.347,2.059,2.214,1.777,1.643,1.719
1.357,1.551,1.642,1.91,2.556,2.354,2.343,2.047,2.218,1.778,1.649,1.736
1.333,1.551,1.641,1.922,2.567,2.359,2.326,2.058,2.216,1.783,1.637,1.723
1.334,1.551,1.641,1.921,2.546,2.359,2.346,2.042,2.221,1.776,1.633,1.723
1.329,1.55,1.634,1.934,2.545,2.361,2.334,2.056,2.232,1.776,1.637,1.716
1.334,1.555,1.628,1.914,2.55,2.355,2.342,2.047,2.222,1.764,1.656,1.715
1.334,1.541,1.635,1.913,2.56,2.34,2.33,2.058,2.228,1.768,1.628,1.735
1.331,1.55,1.629,1.91,2.557,2.352,2.334,2.047,2.206,1.775,1.653,1.726
1.338,1.551,1.641,1.913,2.544,2.347,2.329,2.067,2.212,1.759,1.637,1.713
1.323,1.561,1.627,1.937,2.55,2.35,2.331,2.048,2.207,1.773,1.641,1.725
1.328,1.555,1.629,1.91,2.543,2.354,2.323,2.052,2.221,1.785,1.634,1.726
1.339,1.559,1.632,1.92,2.541,2.339,2.328,2.07,2.217,1.783,1.626,1.725
1.354,1.564,1.634,1.916,2.552,2.348,2.333,2.047,2.21,1.78,1.634,1.72
1.339,1.543,1.634,1.905,2.557,2.358,2.316,2.049,2.22,1.761,1.645,1.727
1.334,1.534,1.626,1.917,2.56,2.353,2.341,2.068,2.206,1.761,1.655,1.722
1.34,1.554,1.633,1.905,2.568,2.354,2.34,2.045,2.203,1.776,1.637,1.714
1.332,1.556,1.624,1.92,2.539,2.363,2.328,2.057,2.213,1.775,1.636,1.726
1.338,1.547,1.637,1.911,2.557,2.354,2.323,2.055,2.219,1.776,1.646,1.717
1.349,1.541,1.651,1.914,2.552,2.374,2.329,2.072,2.234,1.771,1.641,1.724
1.333,1.553,1.644,1.914,2.555,2.359,2.343,2.076,2.22,1.775,1.65,1.727
1.343,1.557,1.638,1.934,2.566,2.353,2.345,2.056,2.204,1.766,1.661,1.731
1.339,1.555,1.641,1.917,2.55,2.358,2.33,2.053,2.224,1.776,1.631,1.721
1.332,1.551,1.64,1.914,2.552,2.354,2.333,2.052,2.215,1.774,1.642,1.723
1.319,1.557,1.636,1.918,2.574,2.358,2.34,2.052,2.212,1.773,1.634,1.723
1.329,1.548,1.636,1.915,2.55,2.377,2.32,2.059,2.239,1.778,1.644,1.729
1.342,1.551,1.632,1.918,2.567,2.346,2.345,2.061,2.233,1.783,1.651,1.727
1.344,1.549,1.637,1.935,2.567,2.364,2.35,2.052,2.22,1.77,1.634,1.717
1.334,1.553,1.627,1.909,2.55,2.369,2.332,2.054,2.23,1.772,1.64,1.726
1.319,1.548,1.653,1.913,2.564,2.354,2.33,2.053,2.24,1.766,1.638,1.725
1.349,1.545,1.636,1.915,2.558,2.363,2.324,2.059,2.221,1.783,1.632,1.732
1.333,1.551,1.632,1.924,2.541,2.357,2.331,2.054,2.235,1.766,1.665,1.725
1.342,1.544,1.643,1.914,2.57,2.356,2.33,2.053,2.235,1.778,1.644,1.727
1.331,1.564,1.642,1.933,2.555,2.362,2.333,2.054,2.217,1.775,1.646,1.734
1.348,1.555,1.643,1.921,2.543,2.344,2.346,2.048,2.224,1.764,1.631,1.721
1.343,1.547,1.637,1.923,2.537,2.365,2.334,2.058,2.217,1.786,1.637,1.733
1.335,1.559,1.643,1.914,2.55,2.357,2.334,2.046,2.207,1.782,1.66,1.721
1.342,1.549,1.633,1.914,2.563,2.363,2.332,2.042,2.208,1.769,1.631,1.721
1.341,1.558,1.635,1.924,2.57,2.357,2.326,2.06,2.22,1.791,1.644,1.729
1.352,1.558,1.633,1.922,2.551,2.354,2.341,2.054,2.215,1.759,1.65,1.732
1.347,1.544,1.652,1.908,2.537,2.355,2.348,2.047,2.233,1.774,1.643,1.734
1.332,1.552,1.634,1.919,2.564,2.354,2.333,2.052,2.209,1.772,1.646,1.732
1.344,1.543,1.636,1.908,2.542,2.357,2.333,2.059,2.211,1.773,1.635,1.728
1.343,1.554,1.644,1.936,2.564,2.345,2.341,2.061,2.213,1.775,1.659,1.729
1.331,1.552,1.644,1.904,2.557,2.354,2.333,2.049,2.215,1.766,1.638,1.719
1.329,1.546,1.633,1.914,2.563,2.376,2.345,2.056,2.223,1.769,1.643,1.719
1.336,1.545,1.636,1.913,2.552,2.355,2.342,2.055,2.219,1.776,1.653,1.729
1.325,1.548,1.641,1.919,2.55,2.357,2.345,2.053,2.213,1.774,1.627,1.712
1.351,1.561,1.642,1.921,2.553,2.344,2.332,2.072,2.223,1.773,1.647,1.727
1.331,1.547,1.624,1.909,2.552,2.355,2.33,2.058,2.215,1.78,1.647,1.726
1.347,1.549,1.632,1.938,2.567,2.36,2.331,2.055,2.21,1.777,1.634,1.725
1.347,1.554,1.637,1.917,2.545,2.362,2.339,2.066,2.215,1.779,1.641,1.721
1.347,1.545,1.628,1.908,2.55,2.345,2.341,2.056,2.213,1.768,1.636,1.721
1.352,1.553,1.64,1.909,2.541,2.355,2.338,2.049,2.233,1.77,1.645,1.719
1.346,1.552,1.641,1.915,2.565,2.361,2.335,2.053,2.216,1.774,1.632,1.73
1.342,1.545,1.634,1.924,2.538,2.368,2.322,2.044,2.219,1.769,1.644,1.726
1.324,1.557,1.642,1.915,2.559,2.345,2.326,2.048,2.216,1.77,1.653,1.719
1.335,1.554,1.632,1.923,2.547,2.363,2.331,2.057,2.216,1.77,1.641,1.741
1.357,1.552,1.633,1.907,2.555,2.358,2.339,2.065,2.216,1.772,1.645,1.727
1.325,1.561,1.623,1.915,2.56,2.354,2.334,2.062,2.234,1.776,1.652,1.722
1.351,1.536,1.635,1.913,2.554,2.348,2.329,2.06,2.215,1.783,1.638,1.73
1.355,1.559,1.649,1.914,2.547,2.357,2.344,2.072,2.219,1.779,1.638,1.724
1.348,1.552,1.629,1.91,2.561,2.358,2.346,2.049,2.22,1.773,1.645,1.723
1.332,1.55,1.626,1.908,2.541,2.362,2.336,2.053,2.223,1.777,1.636,1.729
1.343,1.544,1.64,1.919,2.546,2.365,2.328,2.078,2.201,1.779,1.631,1.728
1.354,1.561,1.644,1.927,2.556,2.359,2.332,2.054,2.221,1.785,1.651,1.715
1.349,1.559,1.645,1.915,2.547,2.356,2.334,2.056,2.231,1.768,1.64,1.735
1.347,1.559,1.642,1.926,2.543,2.351,2.336,2.068,2.213,1.78,1.634,1.716
1.327,1.555,1.633,1.913,2.545,2.359,2.331,2.062,2.211,1.777,1.645,1.711
1.325,1.537,1.628,1.909,2.542,2.357,2.333,2.052,2.214,1.773,1.629,1.726
1.316,1.552,1.633,1.91,2.552,2.343,2.339,2.045,2.211,1.766,1.644,1.737
1.341,1.556,1.64,1.916,2.568,2.363,2.328,2.074,2.212,1.775,1.627,1.735
1.349,1.547,1.642,1.907,2.564,2.36,2.322,2.057,2.218,1.768,1.652,1.727
1.331,1.543,1.635,1.902,2.54,2.35,2.333,2.077,2.213,1.77,1.652,1.727
1.349,1.539,1.623,1.918,2.556,2.356,2.341,2.056,2.234,1.767,1.635,1.712
1.33,1.551,1.638,1.921,2.542,2.354,2.328,2.075,2.207,1.778,1.628,1.72
1.327,1.545,1.634,1.931,2.536,2.356,2.316,2.059,2.215,1.777,1.634,1.729
1.339,1.547,1.635,1.912,2.559,2.356,2.341,2.055,2.217,1.763,1.641,1.726
1.333,1.563,1.638,1.916,2.537,2.367,2.342,2.065,2.202,1.773,1.638,1.726
1.343,1.544,1.634,1.909,2.54,2.347,2.347,2.048,2.236,1.776,1.641,1.733
1.33,1.546,1.639,1.915,2.549,2.354,2.343,2.043,2.226,1.762,1.629,1.714
1.34,1.553,1.634,1.911,2.553,2.358,2.326,2.058,2.219,1.777,1.631,1.714
1.338,1.546,1.628,1.936,2.543,2.367,2.324,2.059,2.209,1.782,1.644,1.726
1.347,1.546,1.63,1.913,2.565,2.352,2.329,2.047,2.214,1.762,1.629,1.719
1.341,1.57,1.627,1.919,2.558,2.365,2.341,2.057,2.209,1.775,1.654,1.722
1.325,1.557,1.631,1.919,2.543,2.353,2.329,2.063,2.203,1.776,1.642,1.728
1.336,1.543,1.628,1.908,2.537,2.361,2.324,2.072,2.215,1.764,1.643,1.73
1.332,1.541,1.626,1.915,2.55,2.369,2.335,2.047,2.211,1.779,1.64,1.729
1.348,1.552,1.631,1.906,2.561,2.371,2.336,2.053,2.218,1.773,1.652,1.719
1.346,1.549,1.644,1.915,2.551,2.363,2.332,2.04,2.213,1.764,1.634,1.72
1.342,1.547,1.635,1.914,2.535,2.367,2.335,2.049,2.204,1.775,1.628,1.722
1.338,1.556,1.64,1.915,2.543,2.355,2.327,2.053,2.216,1.778,1.629,1.722
1.346,1.557,1.628,1.913,2.535,2.361,2.322,2.069,2.222,1.773,1.65,1.713
1.339,1.568,1.637,1.912,2.558,2.358,2.325,2.073,2.22,1.776,1.641,1.73
1.335,1.543,1.627,1.918,2.547,2.366,2.331,2.057,2.211,1.767,1.636,1.725
1.355,1.563,1.635,1.915,2.552,2.355,2.334,2.045,2.218,1.776,1.634,1.733
1.341,1.56,1.636,1.911,2.557,2.345,2.324,2.057,2.235,1.778,1.641,1.711
1.343,1.556,1.654,1.909,2.565,2.353,2.332,2.038,2.206,1.767,1.638,1.731
1.328,1.55,1.642,1.921,2.565,2.362,2.33,2.053,2.209,1.773,1.645,1.714
1.326,1.554,1.646,1.913,2.563,2.36,2.344,2.052,2.217,1.771,1.638,1.712
1.334,1.55,1.635,1.916,2.55,2.371,2.334,2.059,2.229,1.777,1.627,1.726
1.342,1.539,1.642,1.917,2.554,2.367,2.333,2.059,2.233,1.792,1.636,1.721
1.333,1.557,1.641,1.918,2.542,2.347,2.331,2.056,2.236,1.775,1.629,1.718
1.338,1.544,1.628,1.916,2.555,2.353,2.335,2.054,2.213,1.772,1.644,1.724
1.33,1.556,1.638,1.915,2.547,2.355,2.335,2.051,2.211,1.762,1.637,1.728
1.339,1.545,1.628,1.931,2.547,2.35,2.327,2.054,2.223,1.778,1.634,1.723
1.329,1.548,1.634,1.919,2.543,2.369,2.339,2.055,2.233,1.761,1.631,1.723
1.342,1.554,1.642,1.93,2.57,2.356,2.341,2.044,2.228,1.774,1.633,1.711
1.34,1.542,1.636,1.922,2.567,2.37,2.343,2.069,2.212,1.768,1.636,1.715
1.323,1.558,1.64,1.92,2.547,2.353,2.333,2.057,2.207,1.767,1.637,1.731
1.332,1.554,1.64,1.907,2.55,2.369,2.331,2.051,2.222,1.776,1.637,1.719
1.329,1.546,1.631,1.918,2.567,2.365,2.328,2.048,2.216,1.775,1.635,1.722
1.332,1.542,1.628,1.91,2.553,2.359,2.331,2.053,2.221,1.77,1.649,1.733
1.337,1.55,1.616,1.912,2.562,2.362,2.333,2.048,2.211,1.772,1.642,1.727
1.34,1.568,1.626,1.921,2.56,2.36,2.342,2.074,2.233,1.775,1.633,1.724
1.334,1.561,1.648,1.91,2.54,2.357,2.32,2.055,2.219,1.766,1.656,1.721
1.334,1.547,1.635,1.915,2.544,2.358,2.33,2.06,2.214,1.776,1.628,1.72
1.323,1.542,1.642,1.92,2.552,2.368,2.347,2.046,2.207,1.776,1.647,1.716
1.33,1.557,1.632,1.93,2.56,2.363,2.334,2.055,2.214,1.77,1.657,1.728
1.339,1.555,1.644,1.905,2.566,2.355,2.346,2.074,2.215,1.769,1.648,1.723
1.336,1.542,1.632,1.933,2.549,2.372,2.329,2.069,2.217,1.772,1.648,1.718
1.315,1.548,1.635,1.923,2.534,2.35,2.338,2.05,2.237,1.775,1.657,1.728
1.335,1.552,1.636,1.926,2.557,2.358,2.323,2.045,2.222,1.764,1.656,1.714
1.339,1.552,1.643,1.924,2.565,2.362,2.343,2.05,2.217,1.775,1.655,1.714
1.324,1.554,1.631,1.918,2.554,2.367,2.332,2.041,2.23,1.769,1.643,1.724
1.359,1.543,1.627,1.914,2.564,2.372,2.337,2.045,2.218,1.782,1.641,1.72
1.335,1.548,1.636,1.912,2.548,2.344,2.34,2.052,2.208,1.772,1.646,1.729
1.343,1.569,1.632,1.909,2.547,2.374,2.325,2.061,2.232,1.778,1.642,1.736
1.335,1.558,1.634,1.919,2.549,2.37,2.334,2.049,2.224,1.773,1.64,1.735
1.339,1.561,1.636,1.917,2.557,2.349,2.345,2.059,2.217,1.773,1.634,1.724
1.345,1.543,1.638,1.918,2.57,2.361,2.335,2.062,2.239,1.772,1.638,1.722
1.338,1.559,1.638,1.917,2.556,2.359,2.335,2.077,2.221,1.774,1.634,1.732
1.342,1.561,1.643,1.922,2.552,2.372,2.332,2.053,2.21,1.77,1.648,1.719
1.325,1.551,1.635,1.923,2.556,2.359,2.349,2.06,2.216,1.768,1.633,1.719
1.349,1.573,1.651,1.916,2.547,2.357,2.336,2.054,2.231,1.769,1.661,1.716
1.323,1.551,1.642,1.915,2.544,2.369,2.324,2.042,2.236,1.775,1.652,1.719
1.337,1.544,1.641,1.915,2.55,2.374,2.35,2.053,2.209,1.778,1.645,1.717
1.334,1.558,1.628,1.913,2.552,2.359,2.336,2.07,2.218,1.771,1.64,1.727
1.321,1.55,1.629,1.915,2.563,2.361,2.326,2.05,2.207,1.794,1.645,1.73
1.329,1.547,1.634,1.917,2.569,2.355,2.328,2.054,2.221,1.769,1.636,1.726
1.328,1.546,1.643,1.923,2.567,2.353,2.328,2.049,2.22,1.767,1.648,1.724
1.349,1.55,1.648,1.912,2.56,2.353,2.345,2.072,2.217,1.776,1.636,1.725
1.343,1.55,1.645,1.919,2.566,2.377,2.334,2.065,2.216,1.769,1.641,1.73
1.354,1.559,1.632,1.924,2.547,2.37,2.339,2.047,2.216,1.77,1.646,1.725
1.335,1.554,1.634,1.931,2.559,2.344,2.348,2.057,2.208,1.774,1.644,1.725
1.35,1.56,1.631,1.916,2.556,2.365,2.347,2.058,2.22,1.773,1.643,1.745
1.333,1.557,1.651,1.918,2.549,2.357,2.346,2.045,2.216,1.78,1.636,1.743
1.339,1.55,1.646,1.916,2.564,2.365,2.323,2.064,2.218,1.786,1.646,1.737
1.342,1.555,1.645,1.908,2.561,2.371,2.356,2.08,2.219,1.776,1.635,1.734
1.331,1.545,1.647,1.917,2.541,2.359,2.342,2.06,2.214,1.777,1.637,1.743
1.346,1.546,1.633,1.913,2.547,2.361,2.325,2.062,2.217,1.767,1.66,1.73
1.322,1.551,1.643,1.917,2.537,2.365,2.323,2.052,2.209,1.773,1.634,1.733
1.343,1.552,1.642,1.917,2.559,2.354,2.344,2.055,2.212,1.783,1.634,1.726
1.348,1.548,1.637,1.92,2.566,2.346,2.326,2.063,2.231,1.78,1.64,1.725
1.332,1.557,1.643,1.917,2.549,2.359,2.323,2.069,2.217,1.768,1.646,1.737
1.326,1.561,1.641,1.936,2.559,2.368,2.334,2.06,2.21,1.772,1.636,1.743
1.335,1.546,1.633,1.922,2.546,2.347,2.339,2.075,2.232,1.783,1.632,1.73
1.347,1.558,1.637,1.931,2.554,2.352,2.333,2.061,2.226,1.774,1.658,1.719
1.342,1.548,1.639,1.909,2.567,2.371,2.347,2.058,2.237,1.769,1.649,1.726
1.335,1.554,1.643,1.916,2.548,2.362,2.341,2.054,2.236,1.778,1.652,1.718
1.343,1.563,1.638,1.924,2.569,2.357,2.327,2.06,2.219,1.776,1.633,1.732
1.344,1.571,1.642,1.926,2.547,2.379,2.327,2.067,2.213,1.784,1.65,1.732
1.342,1.56,1.64,1.916,2.568,2.353,2.343,2.044,2.223,1.779,1.659,1.73
1.336,1.556,1.64,1.919,2.552,2.37,2.33,2.057,2.212,1.779,1.634,1.721
1.34,1.554,1.638,1.938,2.551,2.356,2.343,2.047,2.221,1.782,1.653,1.719
1.337,1.558,1.636,1.921,2.546,2.355,2.333,2.062,2.217,1.77,1.652,1.73
1.336,1.55,1.641,1.92,2.548,2.363,2.341,2.073,2.235,1.771,1.651,1.733
1.338,1.551,1.631,1.914,2.547,2.354,2.341,2.054,2.234,1.781,1.635,1.733
1.349,1.562,1.637,1.921,2.555,2.357,2.33,2.058,2.216,1.779,1.632,1.719
1.344,1.554,1.643,1.918,2.568,2.37,2.351,2.046,2.233,1.768,1.641,1.73
1.337,1.553,1.643,1.922,2.57,2.361,2.317,2.055,2.235,1.778,1.644,1.716
1.341,1.545,1.64,1.915,2.544,2.364,2.332,2.054,2.239,1.768,1.649,1.741
1.347,1.544,1.629,1.924,2.551,2.371,2.332,2.042,2.234,1.777,1.63,1.742
1.35,1.562,1.635,1.905,2.564,2.353,2.327,2.051,2.216,1.781,1.628,1.724
1.346,1.545,1.638,1.912,2.549,2.37,2.325,2.041,2.216,1.779,1.654,1.73
1.333,1.557,1.641,1.912,2.536,2.361,2.323,2.057,2.213,1.768,1.634,1.719
1.338,1.557,1.638,1.917,2.569,2.374,2.321,2.046,2.235,1.786,1.652,1.726
1.341,1.543,1.644,1.919,2.56,2.374,2.343,2.052,2.234,1.779,1.657,1.73
1.338,1.558,1.642,1.919,2.547,2.377,2.333,2.06,2.229,1.774,1.637,1.719
1.339,1.561,1.628,1.917,2.55,2.356,2.332,2.053,2.229,1.778,1.65,1.719
1.342,1.554,1.634,1.917,2.546,2.359,2.333,2.057,2.222,1.768,1.64,1.726
1.329,1.544,1.633,1.915,2.554,2.358,2.325,2.073,2.219,1.776,1.642,1.732
1.355,1.544,1.637,1.925,2.545,2.348,2.332,2.054,2.223,1.775,1.64,1.727
1.343,1.543,1.627,1.916,2.553,2.367,2.334,2.059,2.233,1.782,1.638,1.73
1.328,1.562,1.636,1.933,2.565,2.354,2.332,2.055,2.212,1.768,1.637,1.723
1.342,1.546,1.647,1.927,2.537,2.352,2.337,2.057,2.213,1.778,1.641,1.712
1.324,1.543,1.642,1.908,2.568,2.358,2.342,2.061,2.211,1.776,1.646,1.734
1.337,1.565,1.637,1.92,2.568,2.372,2.332,2.08,2.219,1.766,1.658,1.728
1.348,1.55,1.636,1.917,2.558,2.356,2.339,2.075,2.21,1.778,1.643,1.73
1.335,1.547,1.634,1.906,2.55,2.358,2.345,2.052,2.237,1.776,1.653,1.726
1.337,1.545,1.641,1.93,2.555,2.356,2.342,2.057,2.217,1.774,1.637,1.72
1.336,1.556,1.638,1.919,2.559,2.356,2.334,2.055,2.206,1.768,1.658,1.728
1.32,1.559,1.636,1.919,2.549,2.359,2.336,2.057,2.228,1.782,1.641,1.737
1.335,1.546,1.64,1.913,2.549,2.359,2.329,2.053,2.218,1.777,1.642,1.718
1.335,1.545,1.641,1.916,2.56,2.356,2.326,2.042,2.203,1.764,1.639,1.732
1.333,1.551,1.638,1.916,2.535,2.366,2.343,2.048,2.222,1.778,1.628,1.717
1.34,1.551,1.637,1.917,2.565,2.373,2.347,2.045,2.219,1.779,1.634,1.719
1.33,1.548,1.633,1.922,2.572,2.345,2.345,2.04,2.212,1.778,1.633,1.719
1.332,1.575,1.634,1.917,2.563,2.369,2.334,2.054,2.211,1.775,1.646,1.723
1.35,1.553,1.637,1.917,2.549,2.355,2.33,2.06,2.217,1.775,1.637,1.73
1.339,1.55,1.643,1.915,2.549,2.358,2.325,2.073,2.214,1.773,1.655,1.726
1.32,1.545,1.647,1.929,2.547,2.365,2.333,2.054,2.22,1.771,1.634,1.734
1.332,1.562,1.642,1.913,2.548,2.356,2.332,2.047,2.243,1.794,1.647,1.731
1.338,1.551,1.64,1.915,2.549,2.357,2.321,2.05,2.23,1.777,1.649,1.726
1.321,1.562,1.633,1.93,2.543,2.353,2.324,2.053,2.233,1.768,1.642,1.72
1.334,1.546,1.644,1.914,2.542,2.372,2.331,2.052,2.229,1.776,1.638,1.727
1.349,1.548,1.645,1.912,2.568,2.367,2.33,2.059,2.221,1.792,1.646,1.72
1.339,1.542,1.632,1.908,2.565,2.369,2.323,2.054,2.213,1.767,1.657,1.722
1.346,1.56,1.632,1.916,2.556,2.363,2.341,2.047,2.24,1.772,1.641,1.726
1.34,1.549,1.634,1.914,2.57,2.348,2.348,2.058,2.22,1.77,1.638,1.719
1.342,1.551,1.634,1.909,2.557,2.355,2.349,2.057,2.217,1.775,1.653,1.724
1.343,1.536,1.636,1.92,2.543,2.372,2.339,2.057,2.225,1.764,1.65,1.724
1.342,1.559,1.634,1.908,2.553,2.346,2.338,2.047,2.227,1.77,1.634,1.72
1.344,1.546,1.632,1.919,2.546,2.348,2.341,2.062,2.234,1.779,1.64,1.724
1.338,1.54,1.636,1.915,2.545,2.36,2.331,2.053,2.231,1.772,1.637,1.726
1.34,1.551,1.629,1.941,2.549,2.356,2.344,2.07,2.214,1.785,1.629,1.731
1.332,1.551,1.631,1.914,2.569,2.362,2.333,2.047,2.216,1.772,1.644,1.725
1.334,1.549,1.643,1.92,2.549,2.369,2.339,2.062,2.227,1.77,1.644,1.719
1.342,1.564,1.629,1.916,2.567,2.36,2.341,2.06,2.217,1.777,1.638,1.721
1.364,1.561,1.64,1.936,2.551,2.37,2.326,2.055,2.206,1.784,1.649,1.724
1.329,1.553,1.64,1.922,2.566,2.344,2.337,2.055,2.211,1.772,1.657,1.721
1.326,1.553,1.651,1.91,2.538,2.37,2.341,2.058,2.229,1.764,1.645,1.721
1.344,1.539,1.637,1.908,2.568,2.355,2.334,2.077,2.219,1.778,1.633,1.728
1.339,1.56,1.638,1.916,2.571,2.373,2.333,2.062,2.215,1.794,1.648,1.738
1.33,1.558,1.635,1.942,2.57,2.362,2.332,2.051,2.222,1.782,1.654,1.726
1.338,1.557,1.634,1.921,2.566,2.371,2.318,2.061,2.224,1.787,1.636,1.733
1.335,1.558,1.642,1.917,2.567,2.356,2.331,2.07,2.21,1.792,1.652,1.73
1.35,1.543,1.638,1.921,2.564,2.361,2.338,2.062,2.215,1.779,1.648,1.719
1.34,1.551,1.638,1.938,2.543,2.364,2.343,2.056,2.216,1.775,1.642,1.721
1.344,1.558,1.635,1.917,2.566,2.37,2.336,2.054,2.233,1.767,1.641,1.73
1.353,1.557,1.648,1.934,2.555,2.346,2.349,2.043,2.228,1.78,1.633,1.729
1.349,1.559,1.638,1.909,2.555,2.351,2.345,2.069,2.213,1.767,1.644,1.732
1.34,1.559,1.633,1.936,2.546,2.354,2.334,2.05,2.22,1.78,1.643,1.729
1.339,1.548,1.631,1.917,2.546,2.353,2.334,2.061,2.205,1.781,1.628,1.716
1.335,1.557,1.627,1.935,2.549,2.356,2.342,2.054,2.236,1.784,1.637,1.72
1.35,1.551,1.638,1.916,2.555,2.361,2.35,2.072,2.231,1.78,1.644,1.73
1.334,1.548,1.635,1.91,2.547,2.363,2.327,2.056,2.221,1.773,1.638,1.723
1.348,1.557,1.644,1.919,2.554,2.371,2.346,2.081,2.22,1.782,1.632,1.736
1.34,1.562,1.642,1.918,2.539,2.35,2.346,2.05,2.218,1.782,1.637,1.729
1.348,1.557,1.644,1.913,2.55,2.371,2.345,2.054,2.237,1.777,1.634,1.741
1.344,1.55,1.632,1.918,2.541,2.352,2.33,2.052,2.221,1.774,1.638,1.734
1.336,1.553,1.639,1.921,2.539,2.357,2.35,2.051,2.219,1.794,1.636,1.716
1.34,1.549,1.631,1.929,2.565,2.345,2.33,2.048,2.212,1.782,1.652,1.726
1.341,1.569,1.648,1.917,2.567,2.365,2.333,2.046,2.238,1.771,1.643,1.741
1.335,1.552,1.638,1.927,2.56,2.355,2.331,2.076,2.21,1.769,1.642,1.726
1.349,1.557,1.636,1.912,2.558,2.369,2.347,2.052,2.218,1.774,1.65,1.734
1.338,1.557,1.643,1.924,2.553,2.359,2.352,2.057,2.235,1.773,1.631,1.732
1.329,1.551,1.637,1.915,2.551,2.359,2.333,2.051,2.22,1.78,1.644,1.729
1.36,1.55,1.644,1.924,2.548,2.344,2.332,2.076,2.214,1.784,1.637,1.729
1.342,1.546,1.631,1.908,2.563,2.351,2.335,2.067,2.223,1.779,1.639,1.727
1.339,1.552,1.636,1.92,2.566,2.375,2.34,2.058,2.214,1.786,1.644,1.736
1.342,1.558,1.64,1.918,2.552,2.341,2.321,2.069,2.223,1.767,1.635,1.717
1.337,1.546,1.636,1.921,2.539,2.35,2.322,2.048,2.222,1.784,1.638,1.733
1.348,1.557,1.654,1.924,2.546,2.375,2.35,2.058,2.219,1.78,1.654,1.728
1.335,1.558,1.633,1.918,2.562,2.372,2.334,2.057,2.224,1.776,1.636,1.72
1.339,1.549,1.645,1.914,2.54,2.355,2.345,2.053,2.22,1.782,1.644,1.726
1.336,1.558,1.659,1.912,2.535,2.357,2.342,2.049,2.214,1.784,1.646,1.736
1.333,1.563,1.643,1.921,2.55,2.367,2.325,2.057,2.226,1.773,1.637,1.719
1.336,1.554,1.635,1.919,2.547,2.359,2.336,2.046,2.213,1.792,1.66,1.73
1.358,1.541,1.645,1.923,2.553,2.353,2.347,2.073,2.216,1.778,1.659,1.723
1.338,1.559,1.64,1.917,2.56,2.377,2.34,2.072,2.215,1.772,1.642,1.724
1.343,1.563,1.641,1.925,2.551,2.37,2.346,2.058,2.236,1.785,1.653,1.731
1.339,1.556,1.647,1.915,2.573,2.362,2.348,2.07,2.222,1.777,1.653,1.728
1.341,1.562,1.653,1.927,2.553,2.354,2.323,2.053,2.224,1.775,1.647,1.732
1.342,1.547,1.645,1.916,2.558,2.37,2.333,2.053,2.211,1.783,1.649,1.737
1.345,1.563,1.644,1.922,2.551,2.36,2.347,2.06,2.223,1.779,1.637,1.723
1.343,1.567,1.648,1.909,2.562,2.359,2.342,2.059,2.235,1.784,1.647,1.73
1.339,1.552,1.647,1.907,2.57,2.367,2.319,2.047,2.224,1.767,1.647,1.722
1.345,1.561,1.637,1.921,2.552,2.356,2.349,2.045,2.225,1.778,1.633,1.729
1.335,1.557,1.648,1.917,2.572,2.365,2.347,2.046,2.211,1.783,1.663,1.732
1.321,1.552,1.641,1.923,2.57,2.362,2.329,2.055,2.241,1.775,1.635,1.735
1.318,1.561,1.642,1.909,2.565,2.356,2.357,2.058,2.216,1.786,1.651,1.72
1.337,1.559,1.644,1.922,2.555,2.355,2.327,2.076,2.234,1.786,1.642,1.725
1.361,1.556,1.643,1.922,2.552,2.37,2.327,2.053,2.215,1.776,1.644,1.726
1.335,1.553,1.648,1.913,2.554,2.376,2.328,2.065,2.236,1.782,1.641,1.728
1.332,1.561,1.652,1.913,2.572,2.369,2.334,2.048,2.225,1.778,1.629,1.732
1.351,1.559,1.633,1.916,2.563,2.349,2.333,2.057,2.215,1.779,1.641,1.72
1.343,1.56,1.646,1.923,2.556,2.347,2.335,2.045,2.222,1.78,1.645,1.736
1.325,1.559,1.655,1.917,2.566,2.362,2.351,2.078,2.218,1.788,1.635,1.737
1.327,1.563,1.651,1.921,2.559,2.365,2.349,2.047,2.212,1.773,1.648,1.732
1.343,1.555,1.642,1.923,2.55,2.365,2.334,2.057,2.236,1.778,1.649,1.746
1.331,1.553,1.655,1.924,2.557,2.357,2.338,2.056,2.24,1.779,1.636,1.724
1.329,1.566,1.646,1.921,2.57,2.351,2.332,2.065,2.222,1.776,1.636,1.728
1.338,1.557,1.648,1.923,2.544,2.362,2.336,2.067,2.216,1.779,1.651,1.744
1.347,1.552,1.638,1.924,2.547,2.369,2.33,2.053,2.225,1.778,1.646,1.725
1.335,1.546,1.637,1.913,2.57,2.351,2.345,2.06,2.228,1.782,1.649,1.742
1.363,1.564,1.647,1.927,2.55,2.361,2.329,2.065,2.22,1.771,1.651,1.734
1.343,1.572,1.649,1.914,2.557,2.361,2.347,2.055,2.212,1.779,1.637,1.738
1.344,1.554,1.65,1.933,2.539,2.364,2.333,2.071,2.219,1.785,1.641,1.724
1.343,1.569,1.649,1.931,2.55,2.371,2.335,2.079,2.214,1.791,1.645,1.73
1.335,1.553,1.642,1.919,2.546,2.36,2.346,2.06,2.219,1.779,1.65,1.72
1.338,1.559,1.643,1.914,2.552,2.371,2.334,2.043,2.234,1.771,1.636,1.712
1.339,1.545,1.64,1.925,2.551,2.368,2.349,2.052,2.222,1.784,1.656,1.723
1.339,1.557,1.646,1.926,2.553,2.358,2.35,2.053,2.207,1.774,1.661,1.724
1.346,1.561,1.65,1.914,2.547,2.373,2.34,2.053,2.236,1.785,1.652,1.719
1.345,1.558,1.644,1.918,2.563,2.357,2.333,2.049,2.23,1.777,1.649,1.72
1.328,1.56,1.642,1.916,2.568,2.372,2.331,2.076,2.227,1.77,1.637,1.735
1.344,1.558,1.648,1.923,2.556,2.36,2.323,2.058,2.234,1.768,1.659,1.734
1.344,1.554,1.636,1.907,2.549,2.354,2.334,2.074,2.228,1.77,1.652,1.729
1.325,1.56,1.643,1.925,2.553,2.362,2.338,2.061,2.232,1.77,1.636,1.727
1.336,1.546,1.637,1.924,2.554,2.38,2.347,2.063,2.218,1.779,1.631,1.72
1.343,1.553,1.646,1.917,2.573,2.37,2.328,2.051,2.235,1.768,1.638,1.73
1.341,1.552,1.636,1.918,2.565,2.364,2.349,2.042,2.216,1.772,1.642,1.734
1.348,1.557,1.645,1.926,2.55,2.375,2.333,2.052,2.238,1.766,1.651,1.726
1.324,1.549,1.653,1.917,2.577,2.352,2.334,2.058,2.208,1.769,1.644,1.727
1.345,1.551,1.651,1.92,2.573,2.361,2.348,2.057,2.215,1.787,1.644,1.735
1.349,1.55,1.638,1.919,2.567,2.368,2.334,2.062,2.217,1.771,1.646,1.725
1.333,1.561,1.645,1.913,2.565,2.354,2.325,2.057,2.241,1.773,1.633,1.737
1.354,1.567,1.649,1.919,2.574,2.376,2.35,2.073,2.237,1.778,1.636,1.738
1.317,1.566,1.64,1.917,2.548,2.351,2.327,2.058,2.238,1.778,1.638,1.737
1.334,1.557,1.65,1.925,2.565,2.346,2.343,2.078,2.226,1.773,1.632,1.727
1.347,1.552,1.642,1.925,2.556,2.369,2.339,2.064,2.214,1.783,1.644,1.724
1.342,1.554,1.651,1.917,2.553,2.362,2.34,2.061,2.219,1.771,1.643,1.733
1.332,1.554,1.649,1.939,2.551,2.369,2.344,2.05,2.236,1.795,1.629,1.726
1.33,1.552,1.646,1.91,2.572,2.35,2.337,2.05,2.222,1.774,1.644,1.718
1.341,1.557,1.638,1.921,2.552,2.354,2.326,2.075,2.227,1.777,1.633,1.732
1.338,1.553,1.64,1.92,2.569,2.358,2.333,2.057,2.222,1.777,1.646,1.723
1.35,1.559,1.652,1.909,2.559,2.361,2.331,2.056,2.233,1.779,1.648,1.725
1.325,1.559,1.65,1.915,2.554,2.376,2.342,2.058,2.212,1.779,1.64,1.732
1.336,1.557,1.635,1.922,2.554,2.371,2.338,2.052,2.237,1.774,1.646,1.72
1.354,1.546,1.649,1.916,2.569,2.358,2.346,2.058,2.233,1.772,1.643,1.719
1.34,1.555,1.645,1.929,2.542,2.361,2.346,2.048,2.222,1.763,1.64,1.725
1.343,1.563,1.65,1.921,2.553,2.363,2.342,2.059,2.211,1.772,1.658,1.724
1.342,1.551,1.637,1.926,2.558,2.343,2.347,2.046,2.236,1.776,1.64,1.736
1.342,1.563,1.646,1.919,2.543,2.377,2.331,2.058,2.22,1.782,1.658,1.726
1.341,1.568,1.644,1.911,2.541,2.359,2.323,2.054,2.218,1.779,1.653,1.734
1.35,1.559,1.642,1.916,2.553,2.362,2.352,2.052,2.214,1.793,1.637,1.724
1.347,1.564,1.637,1.922,2.56,2.356,2.328,2.074,2.223,1.775,1.636,1.734
1.359,1.566,1.655,1.919,2.539,2.348,2.334,2.059,2.218,1.781,1.65,1.722
1.352,1.552,1.648,1.916,2.561,2.375,2.339,2.082,2.242,1.771,1.643,1.713
1.332,1.551,1.648,1.918,2.539,2.357,2.329,2.078,2.221,1.779,1.646,1.726
1.328,1.558,1.642,1.922,2.565,2.374,2.346,2.052,2.217,1.782,1.643,1.736
1.351,1.551,1.646,1.918,2.572,2.368,2.339,2.063,2.215,1.782,1.646,1.72
1.347,1.561,1.648,1.924,2.565,2.361,2.336,2.054,2.223,1.771,1.649,1.729
1.348,1.554,1.637,1.912,2.547,2.361,2.325,2.05,2.233,1.783,1.642,1.731
1.338,1.551,1.645,1.912,2.56,2.359,2.346,2.077,2.223,1.786,1.638,1.735
1.34,1.56,1.653,1.913,2.55,2.358,2.341,2.057,2.226,1.785,1.637,1.728
1.324,1.547,1.643,1.921,2.55,2.378,2.34,2.044,2.212,1.777,1.631,1.734
1.322,1.559,1.646,1.912,2.551,2.363,2.338,2.06,2.224,1.788,1.644,1.725
1.352,1.555,1.64,1.916,2.571,2.362,2.345,2.059,2.236,1.792,1.647,1.731
1.358,1.553,1.644,1.915,2.538,2.359,2.345,2.065,2.211,1.776,1.645,1.739
1.342,1.561,1.642,1.917,2.551,2.372,2.335,2.056,2.216,1.781,1.638,1.729
1.342,1.548,1.65,1.914,2.569,2.364,2.326,2.06,2.234,1.771,1.649,1.722
1.338,1.553,1.645,1.921,2.567,2.355,2.34,2.08,2.216,1.781,1.638,1.73
1.341,1.549,1.652,1.913,2.544,2.358,2.352,2.063,2.223,1.78,1.657,1.73
1.338,1.568,1.643,1.926,2.547,2.369,2.349,2.058,2.218,1.768,1.64,1.729
1.323,1.552,1.652,1.925,2.563,2.371,2.333,2.057,2.237,1.779,1.652,1.721
1.342,1.553,1.651,1.926,2.55,2.352,2.329,2.053,2.205,1.777,1.649,1.721
1.344,1.56,1.641,1.917,2.565,2.367,2.342,2.057,2.209,1.775,1.642,1.719
1.341,1.559,1.64,1.928,2.552,2.352,2.34,2.058,2.229,1.775,1.649,1.718
1.342,1.561,1.649,1.921,2.569,2.368,2.339,2.078,2.214,1.777,1.649,1.727
1.339,1.553,1.65,1.916,2.548,2.359,2.349,2.058,2.225,1.778,1.658,1.731
1.35,1.547,1.643,1.934,2.572,2.361,2.345,2.061,2.209,1.778,1.646,1.724
1.352,1.56,1.641,1.921,2.573,2.355,2.349,2.062,2.218,1.785,1.644,1.721
1.326,1.569,1.645,1.922,2.56,2.362,2.328,2.061,2.227,1.769,1.643,1.72
1.341,1.554,1.652,1.906,2.563,2.357,2.348,2.057,2.21,1.774,1.633,1.728
1.344,1.548,1.654,1.915,2.54,2.36,2.35,2.062,2.236,1.772,1.646,1.73
1.34,1.559,1.651,1.909,2.535,2.362,2.349,2.046,2.213,1.779,1.643,1.736
1.339,1.558,1.649,1.914,2.564,2.351,2.34,2.074,2.212,1.779,1.65,1.729
1.359,1.559,1.638,1.939,2.547,2.367,2.332,2.054,2.218,1.773,1.635,1.738
1.338,1.555,1.64,1.917,2.557,2.36,2.332,2.061,2.217,1.785,1.651,1.723
1.343,1.544,1.646,1.911,2.552,2.361,2.347,2.058,2.234,1.777,1.641,1.726
1.343,1.564,1.653,1.931,2.554,2.376,2.329,2.07,2.24,1.783,1.653,1.725
1.335,1.572,1.643,1.912,2.54,2.356,2.358,2.055,2.238,1.774,1.659,1.726
1.331,1.559,1.637,1.924,2.546,2.363,2.347,2.059,2.212,1.78,1.652,1.734
1.338,1.562,1.648,1.921,2.552,2.366,2.354,2.05,2.232,1.773,1.64,1.729
1.351,1.56,1.637,1.925,2.563,2.374,2.329,2.062,2.222,1.77,1.641,1.738
1.334,1.573,1.635,1.917,2.55,2.358,2.344,2.044,2.218,1.792,1.641,1.743
1.341,1.545,1.65,1.925,2.549,2.351,2.329,2.056,2.224,1.773,1.66,1.724
1.334,1.557,1.643,1.922,2.575,2.359,2.334,2.058,2.22,1.773,1.65,1.737
1.343,1.542,1.647,1.913,2.569,2.352,2.342,2.067,2.231,1.779,1.639,1.733
1.336,1.556,1.652,1.936,2.543,2.348,2.328,2.059,2.219,1.778,1.632,1.723
1.341,1.551,1.658,1.908,2.537,2.358,2.348,2.055,2.215,1.771,1.644,1.719
1.341,1.55,1.646,1.931,2.564,2.361,2.338,2.053,2.222,1.792,1.634,1.722
1.355,1.557,1.641,1.936,2.544,2.354,2.33,2.063,2.224,1.775,1.64,1.728
1.346,1.55,1.652,1.94,2.549,2.356,2.344,2.06,2.213,1.771,1.638,1.717
1.334,1.553,1.644,1.921,2.562,2.361,2.332,2.075,2.235,1.776,1.649,1.738
1.338,1.551,1.645,1.924,2.55,2.355,2.346,2.046,2.206,1.766,1.633,1.721
1.336,1.55,1.645,1.911,2.565,2.356,2.325,2.062,2.215,1.775,1.65,1.733
1.345,1.561,1.651,1.919,2.568,2.367,2.334,2.052,2.219,1.783,1.659,1.719
1.352,1.56,1.645,1.919,2.554,2.351,2.338,2.066,2.208,1.782,1.65,1.725
1.326,1.557,1.658,1.915,2.561,2.344,2.336,2.057,2.239,1.777,1.642,1.723
1.353,1.551,1.644,1.915,2.551,2.347,2.343,2.061,2.219,1.77,1.649,1.742
1.34,1.553,1.637,1.916,2.541,2.369,2.356,2.053,2.219,1.78,1.631,1.72
1.34,1.553,1.655,1.92,2.55,2.366,2.338,2.056,2.236,1.774,1.652,1.734
1.338,1.566,1.649,1.924,2.556,2.374,2.345,2.048,2.217,1.775,1.646,1.731
1.355,1.548,1.645,1.926,2.56,2.369,2.34,2.054,2.215,1.785,1.637,1.729
1.355,1.554,1.64,1.922,2.558,2.359,2.333,2.061,2.228,1.779,1.628,1.728
1.336,1.544,1.64,1.918,2.556,2.371,2.333,2.057,2.214,1.781,1.651,1.724
1.332,1.54,1.644,1.922,2.547,2.374,2.346,2.065,2.216,1.776,1.653,1.734
1.336,1.56,1.638,1.922,2.549,2.356,2.331,2.052,2.222,1.775,1.64,1.723
1.343,1.558,1.65,1.923,2.569,2.357,2.333,2.061,2.215,1.792,1.645,1.733
1.349,1.538,1.646,1.909,2.552,2.361,2.338,2.072,2.213,1.773,1.638,1.731
1.334,1.561,1.648,1.915,2.551,2.374,2.33,2.075,2.224,1.767,1.64,1.727
1.343,1.553,1.641,1.931,2.568,2.367,2.322,2.048,2.236,1.776,1.643,1.723
1.341,1.54,1.654,1.913,2.563,2.357,2.339,2.063,2.209,1.777,1.643,1.729
1.344,1.547,1.645,1.915,2.551,2.376,2.348,2.05,2.22,1.781,1.642,1.734
1.356,1.549,1.641,1.934,2.559,2.373,2.334,2.071,2.216,1.769,1.651,1.724
1.342,1.552,1.649,1.922,2.556,2.353,2.351,2.046,2.213,1.776,1.632,1.734
1.325,1.551,1.653,1.916,2.547,2.357,2.328,2.066,2.213,1.78,1.645,1.732
1.323,1.552,1.64,1.915,2.549,2.37,2.344,2.059,2.206,1.772,1.637,1.729
1.335,1.544,1.648,1.915,2.555,2.366,2.337,2.073,2.219,1.766,1.644,1.734
1.341,1.552,1.636,1.921,2.555,2.343,2.334,2.052,2.226,1.782,1.628,1.729
1.335,1.563,1.639,1.924,2.535,2.36,2.347,2.055,2.21,1.773,1.641,1.736
1.341,1.554,1.645,1.915,2.569,2.353,2.323,2.065,2.224,1.767,1.65,1.725
1.332,1.548,1.649,1.914,2.541,2.346,2.337,2.056,2.213,1.769,1.646,1.722
1.338,1.559,1.647,1.912,2.547,2.36,2.346,2.056,2.217,1.771,1.649,1.735
1.348,1.545,1.652,1.919,2.564,2.349,2.338,2.062,2.214,1.777,1.644,1.729
1.351,1.552,1.633,1.917,2.561,2.357,2.351,2.069,2.217,1.776,1.63,1.73
1.341,1.54,1.648,1.925,2.552,2.369,2.338,2.053,2.216,1.779,1.635,1.73
1.341,1.541,1.64,1.921,2.542,2.362,2.346,2.076,2.225,1.776,1.629,1.73
1.343,1.558,1.64,1.917,2.568,2.357,2.351,2.061,2.214,1.778,1.635,1.727
1.34,1.545,1.651,1.911,2.534,2.36,2.351,2.058,2.219,1.782,1.632,1.722
1.339,1.559,1.652,1.92,2.55,2.37,2.343,2.059,2.219,1.774,1.635,1.723
1.331,1.552,1.655,1.935,2.564,2.365,2.339,2.08,2.208,1.774,1.657,1.723
1.341,1.561,1.638,1.918,2.559,2.359,2.332,2.054,2.223,1.786,1.635,1.729
1.35,1.551,1.642,1.917,2.56,2.363,2.342,2.055,2.22,1.772,1.651,1.716
1.342,1.559,1.646,1.921,2.553,2.346,2.335,2.059,2.22,1.766,1.629,1.741
1.333,1.54,1.638,1.913,2.558,2.37,2.342,2.077,2.22,1.773,1.657,1.739
1.351,1.552,1.642,1.923,2.569,2.378,2.345,2.064,2.213,1.782,1.653,1.715
1.341,1.546,1.648,1.919,2.57,2.354,2.331,2.059,2.216,1.775,1.636,1.721
1.342,1.554,1.643,1.939,2.549,2.359,2.339,2.079,2.218,1.769,1.642,1.727
1.349,1.558,1.636,1.917,2.551,2.351,2.326,2.059,2.23,1.772,1.635,1.723
1.355,1.557,1.643,1.932,2.551,2.35,2.349,2.045,2.222,1.768,1.654,1.726
1.358,1.56,1.642,1.909,2.552,2.353,2.337,2.049,2.214,1.77,1.644,1.719
1.33,1.544,1.643,1.909,2.561,2.363,2.334,2.062,2.225,1.778,1.637,1.726
1.338,1.552,1.649,1.908,2.564,2.365,2.333,2.045,2.219,1.776,1.638,1.736
1.342,1.557,1.646,1.921,2.551,2.377,2.317,2.06,2.22,1.789,1.643,1.718
1.348,1.552,1.643,1.915,2.567,2.366,2.336,2.08,2.218,1.793,1.64,1.721
1.336,1.552,1.638,1.916,2.537,2.375,2.339,2.045,2.228,1.767,1.643,1.732
1.349,1.56,1.641,1.937,2.57,2.369,2.334,2.077,2.213,1.768,1.633,1.719
1.323,1.552,1.645,1.928,2.566,2.364,2.329,2.062,2.215,1.783,1.633,1.73
1.326,1.548,1.644,1.919,2.569,2.36,2.339,2.065,2.236,1.782,1.642,1.725
1.343,1.555,1.636,1.917,2.539,2.357,2.342,2.048,2.211,1.769,1.65,1.724
1.343,1.551,1.659,1.909,2.561,2.365,2.336,2.052,2.234,1.78,1.653,1.73
1.342,1.558,1.65,1.916,2.56,2.36,2.349,2.059,2.22,1.771,1.636,1.727
1.325,1.548,1.643,1.917,2.572,2.351,2.34,2.048,2.221,1.764,1.644,1.732
1.34,1.556,1.644,1.919,2.553,2.353,2.324,2.045,2.213,1.773,1.647,1.723
1.339,1.557,1.634,1.924,2.556,2.344,2.325,2.058,2.222,1.771,1.657,1.734
1.348,1.545,1.63,1.924,2.546,2.355,2.343,2.072,2.22,1.783,1.642,1.729
1.343,1.55,1.658,1.913,2.558,2.373,2.345,2.059,2.213,1.785,1.651,1.725
1.342,1.558,1.633,1.914,2.543,2.363,2.347,2.053,2.237,1.769,1.643,1.728
1.34,1.56,1.635,1.917,2.567,2.37,2.32,2.059,2.221,1.775,1.631,1.726
1.323,1.554,1.642,1.927,2.568,2.356,2.333,2.053,2.218,1.776,1.645,1.716
1.335,1.548,1.658,1.915,2.552,2.365,2.343,2.05,2.231,1.782,1.637,1.737
1.343,1.553,1.648,1.912,2.552,2.367,2.34,2.072,2.243,1.774,1.643,1.734
1.357,1.557,1.64,1.914,2.539,2.346,2.346,2.071,2.218,1.773,1.632,1.729
1.348,1.561,1.65,1.94,2.559,2.363,2.333,2.058,2.211,1.779,1.635,1.731
1.331,1.558,1.646,1.914,2.57,2.344,2.333,2.075,2.219,1.775,1.642,1.727
1.338,1.548,1.652,1.923,2.546,2.368,2.346,2.047,2.238,1.778,1.645,1.718
1.34,1.558,1.65,1.914,2.574,2.375,2.343,2.051,2.223,1.777,1.636,1.736
1.349,1.555,1.642,1.915,2.539,2.357,2.341,2.053,2.235,1.774,1.642,1.736
1.349,1.551,1.638,1.918,2.56,2.36,2.324,2.061,2.212,1.771,1.642,1.732
1.346,1.559,1.641,1.917,2.564,2.371,2.341,2.072,2.234,1.771,1.645,1.734
1.338,1.55,1.637,1.913,2.557,2.354,2.328,2.054,2.227,1.77,1.649,1.727
1.336,1.553,1.659,1.925,2.551,2.362,2.329,2.054,2.217,1.772,1.632,1.723
1.339,1.552,1.656,1.923,2.567,2.36,2.336,2.065,2.238,1.772,1.642,1.73
1.359,1.549,1.64,1.918,2.568,2.367,2.351,2.05,2.218,1.788,1.661,1.734
1.332,1.558,1.633,1.917,2.538,2.366,2.321,2.05,2.23,1.778,1.638,1.722
1.342,1.55,1.643,1.924,2.563,2.371,2.351,2.055,2.231,1.774,1.632,1.732
1.344,1.549,1.654,1.909,2.542,2.359,2.332,2.053,2.22,1.768,1.642,1.73
1.351,1.554,1.641,1.935,2.548,2.348,2.325,2.046,2.238,1.775,1.643,1.732
1.35,1.56,1.644,1.924,2.554,2.361,2.323,2.052,2.219,1.779,1.637,1.744
1.342,1.55,1.65,1.917,2.564,2.353,2.334,2.064,2.214,1.773,1.647,1.717
1.356,1.559,1.646,1.919,2.551,2.364,2.347,2.074,2.218,1.768,1.64,1.728
1.356,1.566,1.651,1.931,2.568,2.359,2.325,2.059,2.213,1.778,1.644,1.729
1.348,1.559,1.643,1.915,2.565,2.359,2.332,2.057,2.231,1.769,1.641,1.732
1.342,1.556,1.637,1.921,2.549,2.371,2.343,2.064,2.217,1.778,1.638,1.723
1.343,1.56,1.64,1.921,2.55,2.348,2.334,2.057,2.22,1.779,1.637,1.737
1.339,1.551,1.649,1.916,2.55,2.359,2.354,2.041,2.235,1.774,1.642,1.725
1.333,1.55,1.645,1.922,2.547,2.358,2.345,2.042,2.223,1.769,1.642,1.736
1.342,1.548,1.645,1.922,2.552,2.364,2.335,2.057,2.222,1.775,1.653,1.748
1.34,1.56,1.645,1.919,2.557,2.365,2.337,2.075,2.22,1.769,1.646,1.72
1.337,1.549,1.641,1.922,2.569,2.358,2.321,2.052,2.225,1.792,1.629,1.725
1.348,1.556,1.662,1.914,2.557,2.347,2.348,2.056,2.231,1.764,1.638,1.722
1.343,1.543,1.662,1.913,2.539,2.351,2.346,2.071,2.219,1.769,1.647,1.721
1.34,1.564,1.644,1.913,2.549,2.351,2.346,2.057,2.208,1.776,1.644,1.722
1.344,1.544,1.649,1.913,2.544,2.373,2.338,2.064,2.215,1.772,1.641,1.718
1.342,1.553,1.646,1.919,2.57,2.368,2.324,2.065,2.212,1.778,1.637,1.736
1.32,1.56,1.642,1.916,2.563,2.367,2.325,2.044,2.209,1.772,1.635,1.724
1.346,1.553,1.631,1.919,2.557,2.362,2.348,2.05,2.218,1.767,1.654,1.72
1.329,1.554,1.636,1.919,2.573,2.36,2.345,2.048,2.23,1.776,1.649,1.727
1.358,1.547,1.652,1.917,2.545,2.35,2.344,2.068,2.234,1.775,1.662,1.73
1.32,1.56,1.642,1.922,2.547,2.37,2.34,2.06,2.217,1.779,1.629,1.731
1.347,1.562,1.638,1.915,2.576,2.375,2.331,2.053,2.233,1.775,1.657,1.713
1.332,1.545,1.645,1.926,2.565,2.374,2.323,2.051,2.222,1.788,1.635,1.727
1.344,1.552,1.643,1.935,2.56,2.356,2.331,2.055,2.23,1.769,1.638,1.727
1.332,1.55,1.644,1.924,2.559,2.358,2.334,2.063,2.237,1.774,1.646,1.723
1.344,1.546,1.651,1.921,2.549,2.353,2.32,2.063,2.229,1.792,1.644,1.728
1.348,1.56,1.648,1.916,2.546,2.359,2.342,2.063,2.214,1.778,1.632,1.725
1.352,1.551,1.651,1.922,2.553,2.367,2.343,2.04,2.223,1.776,1.66,1.732
1.344,1.562,1.643,1.913,2.538,2.365,2.349,2.058,2.227,1.779,1.629,1.726
1.338,1.557,1.646,1.928,2.568,2.37,2.326,2.055,2.241,1.784,1.643,1.734
1.338,1.552,1.637,1.924,2.537,2.354,2.331,2.056,2.223,1.764,1.656,1.72
1.318,1.558,1.64,1.917,2.538,2.357,2.331,2.057,2.216,1.767,1.636,1.721
1.324,1.542,1.649,1.933,2.547,2.354,2.334,2.059,2.23,1.77,1.634,1.73
1.345,1.558,1.638,1.918,2.559,2.361,2.34,2.058,2.224,1.776,1.631,1.729
1.345,1.561,1.648,1.92,2.561,2.372,2.332,2.049,2.221,1.779,1.637,1.729
1.353,1.558,1.649,1.915,2.552,2.354,2.33,2.054,2.214,1.777,1.63,1.717
1.354,1.553,1.661,1.913,2.54,2.355,2.337,2.05,2.217,1.771,1.652,1.721
1.326,1.554,1.646,1.92,2.569,2.362,2.352,2.044,2.239,1.773,1.643,1.729
1.352,1.55,1.645,1.918,2.559,2.348,2.343,2.075,2.204,1.772,1.647,1.734
1.322,1.556,1.642,1.913,2.548,2.365,2.327,2.048,2.211,1.769,1.647,1.72
1.342,1.553,1.644,1.924,2.534,2.356,2.333,2.06,2.231,1.779,1.634,1.736
1.328,1.556,1.646,1.924,2.55,2.378,2.335,2.052,2.237,1.782,1.637,1.723
1.356,1.561,1.641,1.917,2.568,2.374,2.33,2.054,2.238,1.763,1.635,1.742
1.33,1.547,1.649,1.914,2.554,2.362,2.325,2.071,2.224,1.769,1.649,1.73
1.321,1.546,1.651,1.913,2.536,2.362,2.349,2.058,2.222,1.787,1.666,1.726
1.332,1.545,1.649,1.925,2.548,2.351,2.335,2.047,2.225,1.781,1.643,1.73
1.325,1.562,1.653,1.912,2.553,2.359,2.334,2.064,2.24,1.78,1.65,1.734
1.326,1.552,1.646,1.918,2.543,2.358,2.337,2.056,2.234,1.779,1.64,1.725
1.323,1.564,1.651,1.921,2.565,2.356,2.338,2.052,2.231,1.77,1.653,1.725
1.336,1.563,1.644,1.915,2.542,2.374,2.336,2.06,2.23,1.767,1.642,1.736
1.329,1.558,1.643,1.922,2.549,2.358,2.345,2.061,2.232,1.779,1.649,1.732
1.339,1.561,1.648,1.917,2.572,2.364,2.337,2.055,2.219,1.764,1.647,1.727
1.349,1.557,1.653,1.922,2.547,2.36,2.334,2.075,2.221,1.773,1.649,1.73
1.349,1.55,1.643,1.922,2.551,2.355,2.329,2.054,2.215,1.778,1.65,1.726
1.327,1.56,1.642,1.923,2.569,2.353,2.338,2.054,2.215,1.78,1.634,1.729
1.34,1.554,1.646,1.926,2.557,2.359,2.34,2.053,2.23,1.777,1.629,1.732
1.345,1.558,1.641,1.922,2.567,2.356,2.347,2.059,2.233,1.771,1.635,1.726
1.338,1.553,1.649,1.917,2.573,2.361,2.335,2.069,2.22,1.771,1.635,1.715
1.341,1.551,1.643,1.941,2.55,2.356,2.346,2.056,2.218,1.774,1.636,1.72
1.338,1.561,1.649,1.919,2.562,2.368,2.342,2.078,2.235,1.773,1.65,1.734
1.36,1.561,1.648,1.922,2.558,2.376,2.351,2.06,2.223,1.784,1.634,1.732
1.331,1.557,1.653,1.919,2.553,2.359,2.354,2.07,2.234,1.771,1.643,1.725
1.351,1.557,1.648,1.92,2.549,2.349,2.343,2.05,2.215,1.779,1.643,1.716
1.348,1.548,1.65,1.918,2.558,2.374,2.334,2.055,2.22,1.778,1.662,1.726
1.34,1.564,1.662,1.923,2.56,2.371,2.349,2.049,2.228,1.778,1.637,1.73
1.347,1.558,1.642,1.927,2.552,2.374,2.342,2.08,2.215,1.796,1.654,1.722
1.36,1.558,1.646,1.917,2.562,2.356,2.331,2.08,2.21,1.777,1.643,1.727
1.33,1.551,1.638,1.935,2.549,2.363,2.328,2.073,2.218,1.783,1.643,1.724
1.322,1.56,1.64,1.939,2.553,2.362,2.343,2.069,2.219,1.773,1.649,1.718
1.332,1.547,1.648,1.933,2.571,2.363,2.341,2.044,2.224,1.769,1.658,1.728
1.338,1.564,1.633,1.921,2.547,2.36,2.352,2.058,2.225,1.783,1.658,1.723
1.339,1.559,1.635,1.933,2.568,2.359,2.338,2.06,2.219,1.768,1.651,1.722
1.333,1.558,1.653,1.919,2.557,2.363,2.333,2.046,2.233,1.793,1.633,1.722
1.342,1.548,1.638,1.916,2.536,2.363,2.327,2.075,2.219,1.779,1.655,1.734
1.344,1.551,1.634,1.916,2.547,2.346,2.329,2.053,2.21,1.775,1.645,1.719
1.338,1.555,1.646,1.924,2.552,2.356,2.348,2.05,2.215,1.783,1.66,1.728
1.336,1.543,1.646,1.92,2.547,2.355,2.321,2.059,2.218,1.777,1.651,1.73
1.347,1.564,1.642,1.916,2.541,2.355,2.349,2.052,2.223,1.781,1.633,1.736
1.341,1.553,1.651,1.922,2.57,2.362,2.341,2.061,2.206,1.784,1.641,1.727
1.346,1.555,1.643,1.914,2.568,2.371,2.348,2.054,2.222,1.778,1.643,1.746
1.343,1.559,1.64,1.919,2.549,2.354,2.341,2.064,2.216,1.772,1.644,1.734
1.343,1.55,1.636,1.922,2.565,2.356,2.336,2.058,2.214,1.777,1.653,1.72
1.332,1.546,1.651,1.925,2.558,2.367,2.34,2.069,2.234,1.776,1.659,1.725
1.34,1.55,1.636,1.918,2.566,2.366,2.34,2.076,2.225,1.773,1.646,1.729
1.342,1.548,1.638,1.926,2.551,2.367,2.341,2.07,2.214,1.775,1.656,1.718
1.321,1.554,1.643,1.912,2.566,2.367,2.345,2.059,2.229,1.783,1.635,1.727
1.333,1.55,1.638,1.931,2.56,2.375,2.332,2.054,2.214,1.774,1.65,1.735
1.348,1.561,1.644,1.919,2.572,2.358,2.336,2.05,2.215,1.779,1.628,1.714
1.347,1.56,1.633,1.916,2.544,2.371,2.345,2.058,2.209,1.787,1.64,1.723
1.32,1.554,1.642,1.916,2.56,2.358,2.351,2.055,2.23,1.769,1.643,1.73
1.338,1.556,1.644,1.912,2.541,2.362,2.338,2.061,2.22,1.784,1.634,1.718
1.339,1.561,1.645,1.905,2.557,2.358,2.334,2.043,2.221,1.769,1.649,1.735
1.352,1.553,1.651,1.916,2.57,2.372,2.335,2.075,2.221,1.781,1.647,1.721
1.347,1.558,1.64,1.913,2.57,2.365,2.329,2.072,2.236,1.764,1.644,1.722
1.349,1.542,1.631,1.914,2.566,2.355,2.333,2.057,2.235,1.766,1.645,1.733
1.354,1.548,1.648,1.915,2.568,2.353,2.337,2.058,2.237,1.767,1.638,1.731
1.333,1.562,1.644,1.943,2.546,2.356,2.338,2.074,2.23,1.767,1.642,1.73
1.345,1.56,1.637,1.915,2.551,2.376,2.326,2.059,2.231,1.779,1.648,1.719
1.356,1.557,1.646,1.908,2.56,2.369,2.333,2.071,2.211,1.783,1.633,1.737
1.329,1.553,1.636,1.932,2.548,2.358,2.345,2.057,2.224,1.782,1.649,1.723
1.337,1.562,1.641,1.926,2.546,2.372,2.34,2.057,2.234,1.768,1.638,1.736
1.337,1.558,1.64,1.926,2.55,2.347,2.32,2.054,2.219,1.775,1.643,1.723
1.35,1.556,1.641,1.921,2.554,2.357,2.337,2.057,2.216,1.776,1.641,1.724
1.33,1.559,1.638,1.924,2.542,2.358,2.331,2.055,2.217,1.778,1.638,1.734
1.345,1.553,1.649,1.903,2.569,2.37,2.324,2.049,2.218,1.78,1.64,1.729
1.339,1.552,1.637,1.936,2.553,2.349,2.327,2.048,2.216,1.771,1.644,1.725
1.338,1.559,1.638,1.909,2.561,2.356,2.329,2.065,2.234,1.769,1.646,1.725
1.345,1.552,1.636,1.912,2.563,2.372,2.334,2.053,2.212,1.782,1.648,1.722
1.333,1.561,1.631,1.916,2.574,2.357,2.345,2.07,2.222,1.782,1.66,1.735
1.32,1.558,1.636,1.92,2.566,2.371,2.339,2.05,2.214,1.787,1.641,1.723
1.337,1.549,1.651,1.924,2.569,2.365,2.331,2.06,2.234,1.769,1.646,1.723
1.334,1.551,1.631,1.909,2.548,2.361,2.342,2.046,2.218,1.779,1.632,1.723
1.338,1.561,1.635,1.915,2.56,2.37,2.343,2.049,2.22,1.773,1.638,1.723
1.325,1.551,1.646,1.93,2.562,2.364,2.333,2.041,2.232,1.763,1.638,1.72
1.358,1.554,1.633,1.916,2.549,2.375,2.344,2.053,2.209,1.772,1.647,1.73
1.335,1.549,1.643,1.912,2.558,2.36,2.331,2.062,2.235,1.778,1.641,1.718
1.357,1.55,1.643,1.915,2.566,2.364,2.322,2.052,2.222,1.775,1.634,1.73
1.336,1.561,1.636,1.925,2.567,2.355,2.336,2.049,2.222,1.791,1.641,1.724
1.355,1.559,1.641,1.91,2.546,2.347,2.334,2.058,2.209,1.778,1.644,1.719
1.351,1.562,1.647,1.915,2.573,2.354,2.349,2.052,2.215,1.775,1.659,1.742
1.339,1.554,1.635,1.926,2.566,2.367,2.35,2.047,2.206,1.78,1.656,1.743
1.342,1.551,1.658,1.916,2.567,2.376,2.348,2.054,2.229,1.772,1.637,1.732
1.327,1.556,1.638,1.918,2.572,2.363,2.333,2.062,2.224,1.777,1.642,1.722
1.339,1.562,1.644,1.915,2.536,2.359,2.332,2.076,2.225,1.785,1.634,1.72
1.338,1.562,1.648,1.923,2.565,2.348,2.333,2.044,2.223,1.772,1.633,1.733
1.344,1.549,1.66,1.916,2.551,2.344,2.337,2.05,2.234,1.773,1.64,1.731
1.348,1.558,1.648,1.916,2.554,2.348,2.329,2.076,2.241,1.78,1.64,1.718
1.333,1.56,1.648,1.921,2.556,2.358,2.328,2.055,2.216,1.774,1.644,1.721
1.342,1.556,1.637,1.915,2.55,2.358,2.324,2.056,2.22,1.778,1.633,1.726
1.325,1.548,1.65,1.907,2.546,2.366,2.325,2.043,2.213,1.778,1.638,1.723
1.342,1.554,1.627,1.915,2.539,2.359,2.334,2.07,2.217,1.776,1.647,1.73
1.348,1.547,1.645,1.923,2.545,2.375,2.338,2.055,2.213,1.782,1.663,1.732
1.345,1.559,1.646,1.937,2.571,2.366,2.334,2.057,2.239,1.78,1.645,1.738
1.345,1.545,1.644,1.916,2.57,2.348,2.344,2.046,2.221,1.773,1.658,1.732
1.339,1.558,1.643,1.923,2.555,2.342,2.348,2.041,2.212,1.777,1.634,1.736
1.343,1.555,1.641,1.915,2.563,2.348,2.328,2.063,2.217,1.782,1.658,1.728
1.332,1.55,1.651,1.919,2.567,2.368,2.337,2.08,2.237,1.782,1.631,1.733
1.338,1.55,1.655,1.936,2.551,2.371,2.339,2.055,2.223,1.773,1.633,1.724
1.333,1.546,1.635,1.922,2.576,2.361,2.325,2.052,2.211,1.775,1.633,1.718
1.334,1.573,1.644,1.916,2.557,2.352,2.325,2.055,2.214,1.776,1.647,1.722
1.339,1.561,1.662,1.915,2.567,2.372,2.343,2.058,2.234,1.777,1.649,1.73
1.339,1.555,1.662,1.911,2.554,2.356,2.343,2.071,2.215,1.777,1.657,1.714
1.323,1.555,1.638,1.923,2.554,2.361,2.351,2.076,2.212,1.77,1.652,1.73
1.352,1.554,1.633,1.915,2.549,2.375,2.341,2.073,2.207,1.774,1.636,1.727
1.343,1.561,1.649,1.919,2.55,2.344,2.335,2.059,2.216,1.776,1.64,1.715
1.322,1.546,1.64,1.924,2.563,2.37,2.334,2.053,2.21,1.778,1.644,1.724
1.338,1.554,1.64,1.919,2.569,2.358,2.34,2.06,2.24,1.781,1.635,1.723
1.345,1.55,1.638,1.914,2.55,2.363,2.325,2.074,2.212,1.773,1.634,1.732
1.339,1.548,1.644,1.919,2.568,2.356,2.34,2.064,2.234,1.778,1.644,1.724
